epoch,accuracy_train,accuracy_test,loss_train,loss_test,precision_train,precision_test,recall_train,recall_test,f1_score_train,f1_score_test
1,0.5709166666666666,0.5692,2.2577834129333496,2.257514476776123,0.6436085451246318,0.6463480004691988,0.5709166666666666,0.5692,0.5421056791934068,0.5423299559545814
2,0.5844833333333334,0.5841,2.112518310546875,2.1102957725524902,0.7298890442985578,0.7335057539298523,0.5844833333333334,0.5841,0.5473791697665332,0.5464094270538334
3,0.67925,0.6793,1.4295722246170044,1.418413519859314,0.7383807872631379,0.7470294838189284,0.67925,0.6793,0.6594046035995181,0.6587630155668317
4,0.7989666666666667,0.8059,0.7278704643249512,0.7091360688209534,0.8182489931335352,0.8240828198043723,0.7989666666666667,0.8059,0.7995267071706632,0.8054420950742036
5,0.8367166666666667,0.8412,0.5447904467582703,0.5312331318855286,0.8451635313300017,0.8490806567240287,0.8367166666666667,0.8412,0.8345192283738861,0.8385161647269997
6,0.86,0.8664,0.46312063932418823,0.4435451030731201,0.8661139433329819,0.8732894152809014,0.86,0.8664,0.858822825980152,0.8654546314275112
7,0.8551666666666666,0.8603,0.4560007154941559,0.43870043754577637,0.865873134714883,0.8715043165046443,0.8551666666666666,0.8603,0.8549069703657161,0.8599655036793896
8,0.88075,0.8874,0.38173651695251465,0.3649725615978241,0.8872082910441553,0.8924414213175682,0.88075,0.8874,0.8805184606112143,0.8867617443447751
9,0.88315,0.8908,0.37413540482521057,0.3547014594078064,0.8922937731702318,0.8986691413631226,0.88315,0.8908,0.8834867280072579,0.8911159638558138
10,0.9037166666666666,0.9117,0.31884726881980896,0.30070725083351135,0.904906802617101,0.9132205296354692,0.9037166666666666,0.9117,0.9038154210916072,0.9116464110567727
11,0.8983,0.9048,0.32590925693511963,0.30853497982025146,0.9033981004637753,0.9095385221372573,0.8983,0.9048,0.8987005094722527,0.9049132433931901
12,0.9047166666666666,0.9115,0.31079456210136414,0.2903597056865692,0.9113386778692334,0.9175712274271073,0.9047166666666666,0.9115,0.9056450475915191,0.9122893355574919
13,0.88445,0.8868,0.35621634125709534,0.3420686423778534,0.8987591537994475,0.9004872828071677,0.88445,0.8868,0.8855272475549646,0.8878525858452057
14,0.9173666666666667,0.9232,0.26823487877845764,0.2539888620376587,0.9204517242199726,0.92600747992447,0.9173666666666667,0.9232,0.9177178332238788,0.9233722820372604
15,0.92585,0.9328,0.24240520596504211,0.22995156049728394,0.9263971479593914,0.9335192524478194,0.92585,0.9328,0.9257099141721391,0.9326439957456875
16,0.9019166666666667,0.9101,0.3047078251838684,0.28556790947914124,0.9163272887718864,0.9228554679590277,0.9019166666666667,0.9101,0.9034850581258804,0.9114984754904459
17,0.9112666666666667,0.9159,0.2792729437351227,0.25956854224205017,0.9214008144689672,0.9245965730714503,0.9112666666666667,0.9159,0.9120036053171221,0.9166020709593223
18,0.9333666666666667,0.9397,0.21948383748531342,0.2023298144340515,0.9343904937953849,0.9406638905393927,0.9333666666666667,0.9397,0.9331834843132707,0.9396618052681002
19,0.9375666666666667,0.9448,0.20715045928955078,0.19167250394821167,0.9385160394568419,0.9456572958848952,0.9375666666666667,0.9448,0.9376855158760933,0.9448911697556527
20,0.93255,0.9383,0.22401630878448486,0.2122010737657547,0.9345386355110514,0.9397741043489785,0.93255,0.9383,0.9324675852234697,0.9382348506085442
21,0.9319,0.9349,0.21831075847148895,0.20363928377628326,0.9350888092426803,0.9380443327742823,0.9319,0.9349,0.9321451305248197,0.9350701809068376
22,0.9479333333333333,0.9541,0.1748005598783493,0.16086207330226898,0.9481820936409566,0.9543319021690637,0.9479333333333333,0.9541,0.947910272357869,0.9540628273682656
23,0.9449833333333333,0.9502,0.17936044931411743,0.16402621567249298,0.9456590481693814,0.9505827300436535,0.9449833333333333,0.9502,0.9448016166558167,0.9499842132039085
24,0.9384833333333333,0.945,0.19114409387111664,0.1714203953742981,0.9420177587876225,0.9473557401943296,0.9384833333333333,0.945,0.9388037936764949,0.9451527107675678
25,0.9509,0.9572,0.1659441441297531,0.15031345188617706,0.9514872966383984,0.9576636421790167,0.9509,0.9572,0.9509660897537102,0.9572590768814433
26,0.9539333333333333,0.9567,0.15387576818466187,0.14102451503276825,0.9542307667597362,0.9570777863128611,0.9539333333333333,0.9567,0.9539680459808937,0.956741044217597
27,0.9548833333333333,0.9575,0.15040047466754913,0.1383855938911438,0.9550711762546019,0.9577525029025669,0.9548833333333333,0.9575,0.9549131050543512,0.9575133289720242
28,0.9561833333333334,0.9595,0.148335263133049,0.13628502190113068,0.9561623691436603,0.9595920575216415,0.9561833333333334,0.9595,0.9561579696425236,0.9594888958939486
29,0.9564166666666667,0.9598,0.1485026478767395,0.1380780190229416,0.9564037814262998,0.9599712045808063,0.9564166666666667,0.9598,0.9563813444798942,0.9597872357278909
30,0.9568166666666666,0.961,0.1467675119638443,0.13551729917526245,0.9567885487629618,0.9611375881996644,0.9568166666666666,0.961,0.9567731463282932,0.9609951866349594
31,0.9563333333333334,0.9591,0.14557579159736633,0.13389383256435394,0.9564445616269572,0.9592680910054463,0.9563333333333334,0.9591,0.9563411653372318,0.9591051380181592
32,0.9573166666666667,0.9605,0.1455606371164322,0.13322784006595612,0.9573837544609132,0.9606497970678556,0.9573166666666667,0.9605,0.9573020930007358,0.9605005382037994
33,0.9577333333333333,0.9614,0.14346642792224884,0.13115194439888,0.9577150128239139,0.9614578518415295,0.9577333333333333,0.9614,0.9576955268123515,0.9613895158682215
34,0.9578833333333333,0.9617,0.14218829572200775,0.13074196875095367,0.9578553080682,0.9617825604725811,0.9578833333333333,0.9617,0.9578489981299633,0.9616947091743867
35,0.9579666666666666,0.9607,0.14142468571662903,0.13018488883972168,0.9580354623385152,0.9608137249573824,0.9579666666666666,0.9607,0.957967455152989,0.9607031336955623
36,0.9586833333333333,0.962,0.14054709672927856,0.12862946093082428,0.9586570595608338,0.9620734283624828,0.9586833333333333,0.962,0.9586460617566493,0.9619846707577306
37,0.9583333333333334,0.9622,0.14001433551311493,0.1279754340648651,0.9583652038317035,0.9622603056545374,0.9583333333333334,0.9622,0.9583081543856845,0.9621775274289092
38,0.95875,0.9624,0.13941368460655212,0.12880639731884003,0.9587970919739608,0.9625604207646973,0.95875,0.9624,0.9587334165652956,0.9623832005491733
39,0.9589833333333333,0.9619,0.13952958583831787,0.1280733048915863,0.9590584858934492,0.9620581780216493,0.9589833333333333,0.9619,0.958965292100498,0.9619029945116561
40,0.9596333333333333,0.963,0.13723716139793396,0.12663067877292633,0.9595864763177645,0.9630691536040796,0.9596333333333333,0.963,0.9595752385660877,0.9629809231583275
41,0.95995,0.9628,0.13616490364074707,0.12495549023151398,0.9599264816847004,0.9628563994769637,0.95995,0.9628,0.9599181165240486,0.9627828187643376
42,0.9598,0.9631,0.135092630982399,0.12455150485038757,0.9597907800272507,0.963154177416394,0.9598,0.9631,0.9597693206938791,0.9630804271280713
43,0.9599833333333333,0.9631,0.13394442200660706,0.12361936271190643,0.959997409192898,0.9632013378321195,0.9599833333333333,0.9631,0.9599697319818845,0.9630948094387777
44,0.9598333333333333,0.9632,0.1340644806623459,0.12201344221830368,0.9598742496582084,0.9632369042096207,0.9598333333333333,0.9632,0.959812723616693,0.9631772377599697
45,0.9597333333333333,0.962,0.1342589259147644,0.12438756972551346,0.9599375868216283,0.9622411351484409,0.9597333333333333,0.962,0.9597628538969655,0.9620150561708996
46,0.9605666666666667,0.9639,0.13205590844154358,0.12171316891908646,0.9606072193032041,0.964002239898974,0.9605666666666667,0.9639,0.9605595543742688,0.9638943661435793
47,0.9611,0.9643,0.13242894411087036,0.12126830965280533,0.9610877108020156,0.9643768488238201,0.9611,0.9643,0.9610402928617269,0.9642773925852103
48,0.9614833333333334,0.9651,0.12984201312065125,0.11880090087652206,0.9614582756451754,0.9651337365701175,0.9614833333333334,0.9651,0.9614565579234848,0.9650841252875872
49,0.9609333333333333,0.9643,0.13259336352348328,0.1220250278711319,0.9611697140620405,0.9647015044489179,0.9609333333333333,0.9643,0.9609608923773375,0.9643504905468053
50,0.9619333333333333,0.9652,0.12863434851169586,0.1175651103258133,0.9619001462686019,0.9652369518484515,0.9619333333333333,0.9652,0.9618966200444421,0.9651814706400464
51,0.96235,0.9651,0.1277827024459839,0.11796179413795471,0.962324485090252,0.9652035278327512,0.96235,0.9651,0.9623240751001774,0.9650934166631098
52,0.96255,0.9651,0.12687887251377106,0.1173592060804367,0.9625129932396957,0.9651792584747396,0.96255,0.9651,0.9625210805580235,0.965094962158693
53,0.9628166666666667,0.9659,0.12655027210712433,0.11651528626680374,0.9628133699077118,0.9660063780327546,0.9628166666666667,0.9659,0.9627998981781727,0.965902245703603
54,0.9619833333333333,0.965,0.12863677740097046,0.11825308948755264,0.9620065112503943,0.965115211364577,0.9619833333333333,0.965,0.9619154425624782,0.9649570050194206
55,0.9632,0.9662,0.12447687983512878,0.1146293357014656,0.963179060876,0.96626523636729,0.9632,0.9662,0.9631809120410435,0.9661935262456302
56,0.9634833333333334,0.9662,0.12470326572656631,0.11562608927488327,0.9635112453263671,0.9663670503010479,0.9634833333333334,0.9662,0.9634809295417393,0.9661994136644593
57,0.9634166666666667,0.966,0.12388399243354797,0.11411601305007935,0.9634549444685324,0.966124276787019,0.9634166666666667,0.966,0.9634211188074561,0.966011224292065
58,0.9636,0.9667,0.1228487640619278,0.11260489374399185,0.9636296775945968,0.9668219275852047,0.9636,0.9667,0.9635994852384827,0.9667062274844602
59,0.9627166666666667,0.9673,0.12492132186889648,0.11466602981090546,0.9627410849114498,0.967412702466121,0.9627166666666667,0.9673,0.9626447954254569,0.9672607814086572
60,0.9640333333333333,0.9676,0.12178390473127365,0.11218941956758499,0.9640443350828317,0.967698384984601,0.9640333333333333,0.9676,0.9640243008641133,0.9676008560536457
61,0.9645166666666667,0.9683,0.12065034359693527,0.11110536009073257,0.9644990769540295,0.9683937604615644,0.9645166666666667,0.9683,0.9644932525434615,0.9682959176180724
62,0.9648666666666667,0.9676,0.11986862868070602,0.11045831441879272,0.9648366844674,0.9676913844354421,0.9648666666666667,0.9676,0.9648435370686294,0.9675932171196747
63,0.9647,0.968,0.1198815256357193,0.11111164838075638,0.9647189137573681,0.9681726601487637,0.9647,0.968,0.9646941531475342,0.9680066281454197
64,0.9647666666666667,0.9678,0.11870573461055756,0.10979631543159485,0.9647385299934201,0.967898665805185,0.9647666666666667,0.9678,0.9647396580330518,0.9677961380895387
65,0.9640833333333333,0.9663,0.11982472985982895,0.10905005037784576,0.964240118559096,0.9663871768562085,0.9640833333333333,0.9663,0.9641014095334968,0.9663072394160075
66,0.9651166666666666,0.9688,0.11780797690153122,0.10817743092775345,0.9651465213460846,0.9689187695356912,0.9651166666666666,0.9688,0.9651133263795775,0.968805597983426
67,0.9652666666666667,0.9674,0.1169719323515892,0.10777944326400757,0.9652412201429781,0.9674596608622736,0.9652666666666667,0.9674,0.9652368882324628,0.9673940249039672
68,0.9653833333333334,0.9677,0.11799700558185577,0.10902810096740723,0.9654867094950134,0.9678652138589782,0.9653833333333334,0.9677,0.9653956043388332,0.9677149462250185
69,0.9659,0.9686,0.115971140563488,0.1070231944322586,0.9658605119207656,0.9686601465834228,0.9659,0.9686,0.9658593634722314,0.9685882176358107
70,0.9653833333333334,0.9684,0.1157887801527977,0.10640428215265274,0.9654151394087201,0.9684653095986876,0.9653833333333334,0.9684,0.9653759620284792,0.9683962045867118
71,0.9658166666666667,0.9681,0.11547376215457916,0.10589020699262619,0.9658033276178003,0.9681305246263069,0.9658166666666667,0.9681,0.9657832539280605,0.968080056531471
72,0.9660833333333333,0.9683,0.11416548490524292,0.1052451878786087,0.9661323047647704,0.9684081507598832,0.9660833333333333,0.9683,0.9660899705514956,0.9683068327887597
73,0.9665,0.9695,0.11311255395412445,0.1041523665189743,0.9664798224447405,0.9695704987068923,0.9665,0.9695,0.9664832970623655,0.9694928468065802
74,0.96655,0.9689,0.11397108435630798,0.10344482213258743,0.9666077408788659,0.9689626906838852,0.96655,0.9689,0.9665452322921302,0.9689018036200696
75,0.9665333333333334,0.9693,0.11263462901115417,0.10334278643131256,0.9665707209135903,0.9693821270540458,0.9665333333333334,0.9693,0.9665330515420383,0.9693049521621875
76,0.96685,0.9685,0.11187954992055893,0.10265490412712097,0.9668643278828615,0.9685655553130653,0.96685,0.9685,0.9668392406911926,0.9684925065723071
77,0.9669833333333333,0.9696,0.11200139671564102,0.10374812036752701,0.9670538846155383,0.9697385273164373,0.9669833333333333,0.9696,0.967000992811738,0.9696068426548052
78,0.96685,0.969,0.11146432906389236,0.10192511975765228,0.9668947976391974,0.9690518406649753,0.96685,0.969,0.9668456014532794,0.9689983134108198
79,0.96695,0.9686,0.11065004020929337,0.10205232352018356,0.9669927845906873,0.9686824251663093,0.96695,0.9686,0.9669505560806221,0.968596449758529
80,0.9679166666666666,0.9701,0.10971274226903915,0.10036919265985489,0.9678978976208804,0.9701489085092051,0.9679166666666666,0.9701,0.9678989641437606,0.970093394702669
81,0.9669,0.9699,0.11193859577178955,0.10266918689012527,0.9669975010877164,0.970065817245664,0.9669,0.9699,0.9668862243396471,0.9698939822118955
82,0.9680166666666666,0.9703,0.10895885527133942,0.10071977227926254,0.9680051699908412,0.9704051767784576,0.9680166666666666,0.9703,0.9680013118533778,0.9702963253581591
83,0.9677833333333333,0.97,0.10984679311513901,0.1021621823310852,0.967796667221604,0.9701522511447319,0.9677833333333333,0.97,0.9677542889989138,0.9699952389882135
84,0.96785,0.9697,0.10838767141103745,0.10052288323640823,0.9679053259653857,0.969841504291217,0.96785,0.9697,0.9678654892737033,0.9697089544702463
85,0.9685333333333334,0.9711,0.10756690800189972,0.09923412650823593,0.968507306812279,0.97119149166572,0.9685333333333334,0.9711,0.9685038959995033,0.9710899661832137
86,0.9681666666666666,0.97,0.10699955374002457,0.09814262390136719,0.9681785036939049,0.9700351218863543,0.9681666666666666,0.97,0.9681577449706746,0.9699959442007572
87,0.9686333333333333,0.9703,0.10620689392089844,0.09810851514339447,0.9686370147178734,0.9703811861336656,0.9686333333333333,0.9703,0.9686264910980227,0.9702964870694306
88,0.9688166666666667,0.9705,0.10623572021722794,0.09785997122526169,0.9688338744124422,0.9705954637030995,0.9688166666666667,0.9705,0.968805428309515,0.9705024993489396
89,0.9690833333333333,0.9697,0.10566748678684235,0.09797701984643936,0.9690888830849633,0.9698417583512932,0.9690833333333333,0.9697,0.969077020194103,0.9697032285544043
90,0.9680666666666666,0.9694,0.10618069767951965,0.09774553030729294,0.9681622771861185,0.9695394991919646,0.9680666666666666,0.9694,0.968085795858638,0.9694034957507142
91,0.9692666666666667,0.9713,0.10498608648777008,0.09669649600982666,0.9692566551171248,0.9713821568399611,0.9692666666666667,0.9713,0.969242688292479,0.9712900373893736
92,0.9683833333333334,0.9703,0.10635311901569366,0.09898479282855988,0.9684555109483383,0.9704384003199699,0.9683833333333334,0.9703,0.9683754191055084,0.9702943510429761
93,0.96905,0.9711,0.10413919389247894,0.0949874296784401,0.9691014753425543,0.9711324586913124,0.96905,0.9711,0.9690516932299813,0.9710938621839332
94,0.9697666666666667,0.9719,0.10309374332427979,0.09484317898750305,0.9697580686255225,0.9719788754544947,0.9697666666666667,0.9719,0.9697567452181173,0.9718986376661118
95,0.9686,0.97,0.10489906370639801,0.0967918187379837,0.9687146410763241,0.9701499468776942,0.9686,0.97,0.9686160830469801,0.9700104639651213
96,0.9689333333333333,0.971,0.10511068254709244,0.09603400528430939,0.9691063968187812,0.9711510141051584,0.9689333333333333,0.971,0.9689553474454482,0.97101625514506
97,0.96985,0.9719,0.10178783535957336,0.09410231560468674,0.9698316626751834,0.9719714965129704,0.96985,0.9719,0.9698324506902508,0.9718911830931758
98,0.9696833333333333,0.9719,0.10445129871368408,0.09577588737010956,0.9697643074192246,0.9720662414862865,0.9696833333333333,0.9719,0.9696671075664888,0.971903034839077
99,0.9706166666666667,0.9716,0.100795216858387,0.09299659729003906,0.9705915643368392,0.9716479653972828,0.9706166666666667,0.9716,0.9705981125905938,0.9715895338790231
100,0.9701166666666666,0.9714,0.10095054656267166,0.09315456449985504,0.9701159436163518,0.9714769792441819,0.9701166666666666,0.9714,0.9701050276346471,0.971389439614993
101,0.9707,0.9719,0.10046941041946411,0.09263962507247925,0.9707055551192648,0.9719383270979626,0.9707,0.9719,0.9706887108408775,0.9718885263556456
102,0.9705666666666667,0.9725,0.10018041729927063,0.09237266331911087,0.9705793548786827,0.9726133213136547,0.9705666666666667,0.9725,0.9705554099204349,0.9724962577453856
103,0.9708333333333333,0.9729,0.1001497134566307,0.092277392745018,0.9708366015431368,0.9729747709216617,0.9708333333333333,0.9729,0.9708113385154533,0.9728910404373045
104,0.9706166666666667,0.9717,0.09959962218999863,0.0919588953256607,0.9706482037311528,0.971753347890419,0.9706166666666667,0.9717,0.9706238018032222,0.9716976144892009
105,0.9708166666666667,0.9722,0.09959771484136581,0.09132000803947449,0.9708084211374449,0.9722526440621193,0.9708166666666667,0.9722,0.9707911797385382,0.9721883001326987
106,0.9703666666666667,0.9727,0.10004658252000809,0.09243545681238174,0.9704425883744545,0.9728508432010488,0.9703666666666667,0.9727,0.9703645293084184,0.972703117988288
107,0.9703833333333334,0.9709,0.09904344379901886,0.09074719995260239,0.9704706995438661,0.9710133261352237,0.9703833333333334,0.9709,0.9704052286615839,0.9709057157829608
108,0.9712833333333334,0.9719,0.09741125255823135,0.09010880440473557,0.9712685025565447,0.9719558344772146,0.9712833333333334,0.9719,0.9712711332164647,0.9718914942636551
109,0.97155,0.9728,0.09698396921157837,0.08960328996181488,0.9715358117111762,0.9728673104447604,0.97155,0.9728,0.9715387472002989,0.9727955593970268
110,0.9710666666666666,0.9711,0.09755726158618927,0.0904657170176506,0.971119796285293,0.9712248696638232,0.9710666666666666,0.9711,0.9710795960839147,0.9711044329303433
111,0.9713666666666667,0.9718,0.09678659588098526,0.08921691030263901,0.9713900954861023,0.9718710520586801,0.9713666666666667,0.9718,0.9713684765808125,0.9718006047309163
112,0.9717166666666667,0.9737,0.09684859216213226,0.0889294296503067,0.9717517036234575,0.9737780876742385,0.9717166666666667,0.9737,0.9717095130887025,0.9736952159860375
113,0.9717333333333333,0.973,0.0955761969089508,0.08734709769487381,0.9717246520577538,0.973045811861242,0.9717333333333333,0.973,0.9717243667382224,0.9729935860405047
114,0.9715666666666667,0.9722,0.09717530012130737,0.08813062310218811,0.9715780919338856,0.9722250209757364,0.9715666666666667,0.9722,0.9715480037422798,0.9721820683998103
115,0.9721166666666666,0.9733,0.09487836807966232,0.08724801987409592,0.9721116228017531,0.9733433256635792,0.9721166666666666,0.9733,0.972109220603514,0.9732912732839306
116,0.9718333333333333,0.973,0.0948866605758667,0.08736894279718399,0.9718185210598882,0.9730683467705789,0.9718333333333333,0.973,0.9718195702449822,0.9729943980331173
117,0.9722833333333334,0.9729,0.09456727653741837,0.08726868033409119,0.9723049765356696,0.9729750417534866,0.9722833333333334,0.9729,0.9722828757466747,0.9728980703051706
118,0.97215,0.9731,0.09454822540283203,0.0868280753493309,0.9721911058981841,0.9731726025340051,0.97215,0.9731,0.9721561024620995,0.9730959150012531
119,0.9721666666666666,0.9731,0.09387805312871933,0.08623871207237244,0.9721593918375128,0.9731366852496598,0.9721666666666666,0.9731,0.9721520502121372,0.9730894336620488
120,0.9725333333333334,0.9731,0.09354987740516663,0.08646277338266373,0.9725245657082956,0.9731572994569914,0.9725333333333334,0.9731,0.9725196064535503,0.9730912840364343
121,0.9718166666666667,0.9721,0.09501689672470093,0.08745478838682175,0.9718514712109483,0.9721310468498574,0.9718166666666667,0.9721,0.9717909664754111,0.9720787331567233
122,0.9725666666666667,0.9728,0.09286876022815704,0.0853099524974823,0.9725723291245726,0.9728500521255502,0.9725666666666667,0.9728,0.9725591842823672,0.9727927576622171
123,0.9723,0.9724,0.09300220012664795,0.08619760721921921,0.9722979306648881,0.9724368822177377,0.9723,0.9724,0.972288112349559,0.9723858859906571
124,0.97285,0.9736,0.0927756056189537,0.08552432060241699,0.9728401262912553,0.9736593602236944,0.97285,0.9736,0.972825287651343,0.9735861020316441
125,0.9727666666666667,0.9732,0.09200134873390198,0.08560004085302353,0.9727748422049435,0.9732634200489183,0.9727666666666667,0.9732,0.9727614682202209,0.9731953765448972
126,0.9727333333333333,0.9728,0.09240896999835968,0.08576700836420059,0.9727362279775091,0.9729044742014601,0.9727333333333333,0.9728,0.9727117224816938,0.9727864158685037
127,0.9727666666666667,0.9723,0.09256859868764877,0.08608724921941757,0.9727945372987371,0.9723906898917799,0.9727666666666667,0.9723,0.9727666741095204,0.9723029638694161
128,0.9732166666666666,0.9728,0.09121844917535782,0.08494751900434494,0.97320916903804,0.9728620161931066,0.9732166666666666,0.9728,0.97320328162098,0.9727902865219977
129,0.9732333333333333,0.9732,0.09060363471508026,0.08395703136920929,0.9732227238915021,0.9732662820733964,0.9732333333333333,0.9732,0.9732223934249236,0.9731914312077117
130,0.97325,0.9725,0.0909929946064949,0.08542554080486298,0.9732480372836746,0.972572250349716,0.97325,0.9725,0.9732346028841123,0.9724905449614968
131,0.9733333333333334,0.9729,0.09051956236362457,0.08403688669204712,0.9733315206022317,0.9729589615128951,0.9733333333333334,0.9729,0.9733133603120008,0.9728856169950569
132,0.9732,0.9735,0.08986739069223404,0.08292598277330399,0.9731975267053957,0.9735450951700207,0.9732,0.9735,0.9731890642873638,0.9734884267808076
133,0.9735666666666667,0.9738,0.08971086889505386,0.08291146159172058,0.9735425088948579,0.9738412219567834,0.9735666666666667,0.9738,0.9735444850668765,0.9737837800382897
134,0.9738,0.974,0.0892162173986435,0.08263318240642548,0.9737953790720734,0.9740508593779643,0.9738,0.974,0.9737896628747482,0.9739895964356828
135,0.9731333333333333,0.9729,0.09009090065956116,0.08376578241586685,0.9731734919233458,0.9729879642874226,0.9731333333333333,0.9729,0.9731250517016372,0.9728908444856826
136,0.9736666666666667,0.9733,0.08923541009426117,0.08331948518753052,0.9736763631834392,0.9733909094189969,0.9736666666666667,0.9733,0.9736581651461972,0.9732937124203997
137,0.97345,0.9738,0.08920785784721375,0.08243320882320404,0.9734887535944585,0.9738863048787673,0.97345,0.9738,0.9734482849478339,0.9737951889134618
138,0.9732833333333333,0.9729,0.08969675004482269,0.08373294770717621,0.9733328734792306,0.973074278899972,0.9732833333333333,0.9729,0.9732848461616581,0.9729086121823737
139,0.9739666666666666,0.9738,0.08794630318880081,0.08096157014369965,0.9739856585836726,0.9738434935514517,0.9739666666666666,0.9738,0.9739690127204131,0.9737941884816881
140,0.9736833333333333,0.9742,0.08847446739673615,0.0816722884774208,0.973755388599512,0.9743006760817327,0.9736833333333333,0.9742,0.9736975596899325,0.9742058504147765
141,0.9739,0.9741,0.08792147785425186,0.08124496042728424,0.9739109667088118,0.9741703391695633,0.9739,0.9741,0.973890519576789,0.9740896550807243
142,0.9741666666666666,0.9742,0.08687520027160645,0.0803743302822113,0.974146890002169,0.9742499362224843,0.9741666666666666,0.9742,0.9741525044889431,0.9741881233073935
143,0.97415,0.974,0.08687970042228699,0.07998938858509064,0.9741394859421963,0.9740247493044011,0.97415,0.974,0.9741363654360428,0.9739865508392355
144,0.974,0.9742,0.08688821643590927,0.08101622760295868,0.9739980004299248,0.9742549529674308,0.974,0.9742,0.9739906364116523,0.9741926751462284
145,0.9744666666666667,0.9743,0.08616922050714493,0.07957646995782852,0.9744549249462795,0.9743426416964593,0.9744666666666667,0.9743,0.9744547712216742,0.9742916290727331
146,0.9737666666666667,0.9741,0.08777745813131332,0.08137387037277222,0.9738657528692426,0.9742009255778179,0.9737666666666667,0.9741,0.9737868649007685,0.9741055508769605
147,0.9744,0.9747,0.08584829419851303,0.07969193160533905,0.9744011901207194,0.9747413469356286,0.9744,0.9747,0.9743914488629569,0.974691644439145
148,0.97445,0.9747,0.08572134375572205,0.07962388545274734,0.974448553017447,0.9747748640589103,0.97445,0.9747,0.9744422108529168,0.9746937227067363
149,0.9746,0.9748,0.08511637151241302,0.07863688468933105,0.9746048609188199,0.9748554813746021,0.9746,0.9748,0.97459781792016,0.9747938036083038
150,0.97485,0.9745,0.08492404967546463,0.07914817333221436,0.9748405440989356,0.9745697011146552,0.97485,0.9745,0.9748416347447928,0.9744949152291931
151,0.9743333333333334,0.9746,0.08554121106863022,0.07893327623605728,0.9743579122419753,0.9746697374260377,0.9743333333333334,0.9746,0.9743324284199409,0.9745930694620946
152,0.9745833333333334,0.9753,0.08450759947299957,0.07829343527555466,0.974587171943248,0.9753391277064155,0.9745833333333334,0.9753,0.9745802936320448,0.9752928544800982
153,0.97485,0.9746,0.08442746847867966,0.07831660658121109,0.9748481791864303,0.9746704045525761,0.97485,0.9746,0.9748411187086116,0.9745894094773526
154,0.9746166666666667,0.9743,0.08578912168741226,0.07949817180633545,0.9746608027121394,0.9744154690674626,0.9746166666666667,0.9743,0.9745982765854662,0.9742851145653152
155,0.9749833333333333,0.974,0.08464065939188004,0.07856710255146027,0.9749875269864433,0.9740409532513651,0.9749833333333333,0.974,0.9749694513400672,0.9739849169501573
156,0.97525,0.9749,0.08334218710660934,0.07761308550834656,0.975237853499441,0.974958456530544,0.97525,0.9749,0.9752424908872066,0.9748948012510708
157,0.9744666666666667,0.975,0.08491887897253036,0.07862766087055206,0.9745038397004946,0.9750755945793761,0.9744666666666667,0.975,0.9744672662433176,0.9749956260716812
158,0.97475,0.9747,0.08435084670782089,0.07779981940984726,0.9747955111028815,0.9747534239772849,0.97475,0.9747,0.9747529926520825,0.974695630303195
159,0.9752833333333333,0.9751,0.08283933252096176,0.07722581923007965,0.9752687879125036,0.9751595149015133,0.9752833333333333,0.9751,0.9752709550556101,0.9750932592835654
160,0.97465,0.9748,0.08459290117025375,0.07826042175292969,0.9747304979822984,0.9749332323349836,0.97465,0.9748,0.974665221708593,0.9748054230795098
161,0.97515,0.975,0.08242825418710709,0.07605579495429993,0.975163331903501,0.9750429440290378,0.97515,0.975,0.9751483076554585,0.9749920955224396
162,0.9754166666666667,0.9752,0.08230384439229965,0.07668523490428925,0.9754207315376914,0.975244835870911,0.9754166666666667,0.9752,0.9754122624836716,0.9751933332019864
163,0.9752333333333333,0.9752,0.08227754384279251,0.07539389282464981,0.9752434111038732,0.9752073093821501,0.9752333333333333,0.9752,0.9752290758780653,0.9751864011599016
164,0.9756333333333334,0.9752,0.08160988986492157,0.07579086720943451,0.9756141182076545,0.9752479515797501,0.9756333333333334,0.9752,0.9756186290471893,0.975187066127208
165,0.9755833333333334,0.9749,0.08225863426923752,0.07646846026182175,0.9755954944796126,0.9749569227879521,0.9755833333333334,0.9749,0.9755789720483712,0.9748938490105975
166,0.97565,0.9754,0.08154158294200897,0.07522302865982056,0.9756486725786391,0.975426935717357,0.97565,0.9754,0.9756378995524483,0.9753869483627131
167,0.975,0.9752,0.08260968327522278,0.07560907304286957,0.9750706477914752,0.9752698909021205,0.975,0.9752,0.9750080705621836,0.9751991783716382
168,0.9746833333333333,0.9746,0.08447611331939697,0.07817275077104568,0.9748806468118338,0.9748152675893179,0.9746833333333333,0.9746,0.9747142473333263,0.9746153867474316
169,0.97585,0.9751,0.08108232915401459,0.07498984783887863,0.9758561307753617,0.975169259433152,0.97585,0.9751,0.9758391031055588,0.9750890413247314
170,0.9758166666666667,0.9761,0.08032897859811783,0.0738048180937767,0.9758189151292079,0.9761236113096835,0.9758166666666667,0.9761,0.9758115002130635,0.9760869647810794
171,0.9755,0.9748,0.08151368796825409,0.07588425278663635,0.9755471408707954,0.9748878348188191,0.9755,0.9748,0.9755091654451595,0.9747998385565861
172,0.9755333333333334,0.9762,0.08188846707344055,0.07525531947612762,0.9755328497271613,0.9762457297565003,0.9755333333333334,0.9762,0.9755057248080241,0.9761764163644794
173,0.97495,0.975,0.08207787573337555,0.07514286786317825,0.9750778506601758,0.9750698935845344,0.97495,0.975,0.9749710842620946,0.9750047396712606
174,0.9748333333333333,0.9748,0.08229286223649979,0.07582582533359528,0.9749567043543931,0.9748630242388786,0.9748333333333333,0.9748,0.9748533038984843,0.9747971102685742
175,0.9764833333333334,0.9756,0.07950201630592346,0.07408571988344193,0.9764829509541072,0.9756265472278955,0.9764833333333334,0.9756,0.9764738629051125,0.9755891493856416
176,0.9757833333333333,0.9761,0.08115503191947937,0.07511205971240997,0.975801740098869,0.9761887619925216,0.9757833333333333,0.9761,0.9757517348103647,0.9760739379343611
177,0.9764833333333334,0.9765,0.07971861958503723,0.07356732338666916,0.9764839214509131,0.9765310412188916,0.9764833333333334,0.9765,0.9764671903822189,0.9764865805303184
178,0.9763,0.9768,0.07900666445493698,0.07281206548213959,0.9763036336739344,0.9768295341011429,0.9763,0.9768,0.9762904764904929,0.9767895651543735
179,0.9762833333333333,0.9755,0.07870756089687347,0.07360530644655228,0.9762832533828424,0.9755759743234647,0.9762833333333333,0.9755,0.9762797539121789,0.9754916077782464
180,0.9762333333333333,0.9759,0.07907987385988235,0.07414419949054718,0.9762687596182479,0.9759635520420709,0.9762333333333333,0.9759,0.976236769179659,0.9758980736256734
181,0.9764333333333334,0.9757,0.07988322526216507,0.07540655881166458,0.9764472607291491,0.9758213200055205,0.9764333333333334,0.9757,0.976422051918144,0.9756894130751809
182,0.9764333333333334,0.9762,0.0780695378780365,0.07211477309465408,0.9764515032202794,0.9762559416391041,0.9764333333333334,0.9762,0.9764340890001226,0.9761981611415583
183,0.9764166666666667,0.9755,0.07907475531101227,0.07438711076974869,0.9764481512906873,0.9756285939795826,0.9764166666666667,0.9755,0.9764087805380468,0.9754923617466688
184,0.9768166666666667,0.9763,0.07770862430334091,0.07268420606851578,0.9768250489346125,0.9763580778279003,0.9768166666666667,0.9763,0.9768147483151883,0.9762950765398751
185,0.9766333333333334,0.9761,0.07781335711479187,0.07255445420742035,0.9766665601451748,0.9761844773989135,0.9766333333333334,0.9761,0.9766394342987095,0.9760990051075944
186,0.97655,0.9769,0.07842499017715454,0.0726146474480629,0.9765625820846333,0.9769607419759352,0.97655,0.9769,0.9765397725106454,0.9768847964005037
187,0.9768833333333333,0.9765,0.07725153118371964,0.07214641571044922,0.9768803602658481,0.9765591398968688,0.9768833333333333,0.9765,0.9768770078873489,0.9764878366709671
188,0.9756166666666667,0.9767,0.08147308975458145,0.07381024211645126,0.9756626813909033,0.9767899604834148,0.9756166666666667,0.9767,0.975578334922337,0.9766760253234059
189,0.97655,0.9759,0.07751373946666718,0.07250434905290604,0.9766032840519205,0.9759627358361258,0.97655,0.9759,0.9765639280213089,0.9759005758804242
190,0.9768333333333333,0.9764,0.07680241018533707,0.07233323901891708,0.9768314146205542,0.9764811135460457,0.9768333333333333,0.9764,0.9768280559942669,0.9763926747366001
191,0.9759166666666667,0.9752,0.0796690359711647,0.07530716806650162,0.9759986944675815,0.9753792871814289,0.9759166666666667,0.9752,0.9759151855107551,0.9752000784842206
192,0.9771,0.9757,0.07768905907869339,0.07369469106197357,0.9771109755429839,0.9758286643677757,0.9771,0.9757,0.9770867094854662,0.9756914212003963
193,0.9770166666666666,0.9764,0.07660213857889175,0.07196328788995743,0.9770368077902455,0.976499337999521,0.9770166666666666,0.9764,0.9770186379545038,0.976400732100037
194,0.9771833333333333,0.977,0.07718920707702637,0.07223429530858994,0.9771835220868599,0.9770989841834476,0.9771833333333333,0.977,0.9771623956753205,0.9769886313393586
195,0.97715,0.9765,0.07600683718919754,0.07092627137899399,0.9771715341862715,0.9765664313670248,0.97715,0.9765,0.9771499320774886,0.976496385069261
196,0.97735,0.977,0.07552693784236908,0.07063198834657669,0.9773572208376828,0.9770472556183786,0.97735,0.977,0.9773475445288693,0.976991737409842
197,0.97775,0.9763,0.07540716230869293,0.0707726776599884,0.9777395802615135,0.976353609989742,0.97775,0.9763,0.9777367628207926,0.9762898763270259
198,0.9770833333333333,0.9772,0.07528993487358093,0.0698268935084343,0.9770839975515956,0.9772361854771335,0.9770833333333333,0.9772,0.9770756827113242,0.9771874390308196
199,0.9769666666666666,0.977,0.07559163868427277,0.06969283521175385,0.9770027866774803,0.9770284340926407,0.9769666666666666,0.977,0.9769676983139729,0.9769934774510697
200,0.9775,0.9774,0.07492918521165848,0.07064100354909897,0.9774987697961033,0.9774552077475304,0.9775,0.9774,0.9774939558025085,0.9773948934720526
201,0.97755,0.9779,0.07460363954305649,0.06931094080209732,0.9775572864847011,0.9779372322869322,0.97755,0.9779,0.9775482500502054,0.9778940944957931
202,0.9777166666666667,0.9777,0.07483314722776413,0.06966293603181839,0.977720000225206,0.9777523311212195,0.9777166666666667,0.9777,0.9777090355560988,0.9776857618710352
203,0.9773833333333334,0.9772,0.07573971897363663,0.07061600685119629,0.9773987498540566,0.9772477517952559,0.9773833333333334,0.9772,0.9773670123630599,0.977179732397639
204,0.9773166666666666,0.9771,0.0744515210390091,0.06919331103563309,0.9773478356020248,0.9771406796952468,0.9773166666666666,0.9771,0.9773198005031197,0.9770960261325204
205,0.9779166666666667,0.9772,0.07445451617240906,0.069514699280262,0.9779270494288197,0.9772381732420481,0.9779166666666667,0.9772,0.9779080776890279,0.9771876977681455
206,0.9768,0.9761,0.07621429860591888,0.070937879383564,0.9769077372947325,0.9761959697024395,0.9768,0.9761,0.9768235562948139,0.976105794930244
207,0.9773,0.9772,0.07432112097740173,0.06882740557193756,0.9773419964559494,0.9772488884410879,0.9773,0.9772,0.9773046124419221,0.9771967831791839
208,0.9776333333333334,0.9774,0.07413739711046219,0.069231778383255,0.9776776000404932,0.9774876201822597,0.9776333333333334,0.9774,0.9776419852552972,0.9773991050447143
209,0.9777333333333333,0.9774,0.07369282841682434,0.06878241151571274,0.9777699580461743,0.9774622928512794,0.9777333333333333,0.9774,0.9777409182170521,0.9774025108319138
210,0.9772333333333333,0.977,0.07547247409820557,0.0704311728477478,0.9773572434016955,0.9771392252457907,0.9772333333333333,0.977,0.9772611982187889,0.9770116035782596
211,0.9781166666666666,0.9779,0.0733971893787384,0.06932168453931808,0.9781173841156799,0.9779563113226084,0.9781166666666666,0.9779,0.9781074458896519,0.9778893338462851
212,0.9778666666666667,0.9785,0.07292984426021576,0.06747721135616302,0.9778821699155862,0.9785296305183087,0.9778666666666667,0.9785,0.9778670881280469,0.9784917500163616
213,0.9780333333333333,0.9783,0.07272368669509888,0.06824950873851776,0.9780276188532494,0.9783417801322163,0.9780333333333333,0.9783,0.978025160207709,0.9782886685148671
214,0.97815,0.978,0.0728425532579422,0.06822774559259415,0.9781644700390846,0.9780410115132235,0.97815,0.978,0.9781461994937044,0.9779919402396566
215,0.9774833333333334,0.9766,0.07350519299507141,0.06868749856948853,0.9775254011871621,0.976638210871995,0.9774833333333334,0.9766,0.9774881198641794,0.976593888412609
216,0.9782,0.9781,0.07263573259115219,0.067386694252491,0.9782042958254307,0.9781306073370031,0.9782,0.9781,0.9781898541067772,0.9780866233231392
217,0.9773166666666666,0.9768,0.07483230531215668,0.07021751999855042,0.9774541457105161,0.97696699619644,0.9773166666666666,0.9768,0.9773417172424596,0.9768130844069006
218,0.9778166666666667,0.9769,0.07307834178209305,0.06913721561431885,0.9778452475751437,0.976965743337977,0.9778166666666667,0.9769,0.9778151209966924,0.9768928613972719
219,0.9784666666666667,0.9776,0.07240503281354904,0.06786832213401794,0.9784679425628096,0.977665219958343,0.9784666666666667,0.9776,0.9784541254511571,0.9775876584725571
220,0.9779333333333333,0.9764,0.07420358806848526,0.07010196149349213,0.9779749738076213,0.9765000325694576,0.9779333333333333,0.9764,0.9779193643187846,0.9763836324478703
221,0.9787666666666667,0.9777,0.07171168178319931,0.06733819842338562,0.9787730507692242,0.9777497804089403,0.9787666666666667,0.9777,0.9787620153796123,0.9776944573549686
222,0.9783,0.9779,0.07152611762285233,0.06737612187862396,0.9783230642399523,0.9779533716878029,0.9783,0.9779,0.9783045982094203,0.9778978166778693
223,0.9789833333333333,0.9777,0.0719570741057396,0.06857453286647797,0.9789799558662018,0.9777856948384884,0.9789833333333333,0.9777,0.9789688988230053,0.9776890444949129
224,0.9789166666666667,0.9781,0.07146437466144562,0.0673539862036705,0.9789146462495555,0.978166958990292,0.9789166666666667,0.9781,0.9789095475853659,0.9780907134198713
225,0.9789333333333333,0.9786,0.07080364227294922,0.06598027050495148,0.9789307611412574,0.9786269768232798,0.9789333333333333,0.9786,0.9789236118032436,0.9785891150610434
226,0.9788833333333333,0.9782,0.07114142924547195,0.0673438087105751,0.9788950232723078,0.9782601620684159,0.9788833333333333,0.9782,0.9788818750795011,0.978195398612693
227,0.97745,0.9767,0.07388058304786682,0.06841021776199341,0.9776072629088863,0.976825640537907,0.97745,0.9767,0.9774742294410175,0.9767113731991227
228,0.9791166666666666,0.9797,0.0712973028421402,0.06690093129873276,0.9791355419965486,0.9797496007075978,0.9791166666666666,0.9797,0.9791108938975165,0.9796891164957451
229,0.9791666666666666,0.9783,0.07020090520381927,0.06569524854421616,0.9791665570139714,0.9783526765871902,0.9791666666666666,0.9783,0.9791631169787361,0.9782913762197111
230,0.97925,0.9784,0.07017498463392258,0.06663523614406586,0.9792431597646784,0.9784677380289694,0.97925,0.9784,0.9792429129812311,0.9783907500204708
231,0.9794833333333334,0.9784,0.07017488032579422,0.06606318801641464,0.9794736175387201,0.9784516464306969,0.9794833333333334,0.9784,0.9794719389912377,0.9783871233738504
232,0.9793166666666666,0.9782,0.0701269805431366,0.0663769394159317,0.9793155613535862,0.9782594233410964,0.9793166666666666,0.9782,0.9793061217377873,0.9781907421783349
233,0.9793333333333333,0.979,0.06953579187393188,0.06541655957698822,0.9793310632581025,0.9790380430516757,0.9793333333333333,0.979,0.9793283794960433,0.9789903225606614
234,0.9789,0.9783,0.07022497057914734,0.06526403874158859,0.9789164878980914,0.9783232524314964,0.9789,0.9783,0.9788941221324425,0.9782906576706933
235,0.9790166666666666,0.9771,0.07131964713335037,0.06814306974411011,0.9790416516457648,0.9772517629568424,0.9790166666666666,0.9771,0.97901099785726,0.9770951429668372
236,0.9796666666666667,0.979,0.06933104991912842,0.06497079133987427,0.9796599886536868,0.9790380849615136,0.9796666666666667,0.979,0.9796571591795931,0.9789881056581237
237,0.9795666666666667,0.9785,0.06900156289339066,0.06535961478948593,0.9795644607100277,0.9785440212364062,0.9795666666666667,0.9785,0.9795618647753674,0.9784912818917666
238,0.97975,0.9791,0.06943704932928085,0.06529048830270767,0.9797568125500422,0.9791686098271415,0.97975,0.9791,0.9797448066201849,0.9790913081844881
239,0.9797666666666667,0.9789,0.06946592777967453,0.0654720738530159,0.9797705494601376,0.97895967900664,0.9797666666666667,0.9789,0.9797592716841408,0.9788875033875977
240,0.97955,0.9795,0.06878272444009781,0.0647192969918251,0.9795459213153396,0.9795400575955233,0.97955,0.9795,0.9795408908893319,0.979490712725219
241,0.9782333333333333,0.9787,0.07100290805101395,0.06497273594141006,0.9783193685014436,0.9787271449663704,0.9782333333333333,0.9787,0.9782400537767363,0.9786942028418784
242,0.9783,0.9775,0.07070456445217133,0.06639302521944046,0.9783886585402201,0.9775913414120514,0.9783,0.9775,0.9783114277463458,0.9775027389690715
243,0.9796666666666667,0.9789,0.06875573098659515,0.06500495970249176,0.9796664181388408,0.9789826130824518,0.9796666666666667,0.9789,0.9796584386399376,0.9788943522594469
244,0.9795,0.9781,0.06931280344724655,0.06607694178819656,0.9795133188629256,0.9782026220851215,0.9795,0.9781,0.9795000441282248,0.9780970160562158
245,0.9797833333333333,0.9791,0.06828230619430542,0.0638912245631218,0.9797820891865999,0.9791320934076155,0.9797833333333333,0.9791,0.9797744512700647,0.9790878233244233
246,0.9799166666666667,0.979,0.0682595819234848,0.063994400203228,0.97992200145835,0.9790387326628527,0.9799166666666667,0.979,0.9799111976713372,0.9789917763057645
247,0.9788333333333333,0.9773,0.07066355645656586,0.06687632948160172,0.9789192887952173,0.9773798662443751,0.9788333333333333,0.9773,0.9788382091124108,0.9772978316572603
248,0.98015,0.9791,0.06808263808488846,0.06473833322525024,0.980145234496606,0.9791713266862333,0.98015,0.9791,0.9801399844533285,0.979090423310336
249,0.9798333333333333,0.9788,0.06762397289276123,0.06388549506664276,0.979836382218788,0.9788541076271522,0.9798333333333333,0.9788,0.9798290506301842,0.9787902024848201
250,0.9800666666666666,0.9794,0.06739906221628189,0.06400732696056366,0.980056277112242,0.9794468212643229,0.9800666666666666,0.9794,0.9800581323771549,0.9793902018151948
251,0.9795666666666667,0.979,0.06792501360177994,0.06377943605184555,0.9795721501008904,0.9790557412813073,0.9795666666666667,0.979,0.979561181040242,0.9789921303807323
252,0.97965,0.9788,0.06793160736560822,0.06404475122690201,0.979671501750819,0.9788671303756453,0.97965,0.9788,0.9796527032675759,0.9787981145738879
253,0.9792166666666666,0.9777,0.06925582140684128,0.0657443180680275,0.9792998521678301,0.9777835636747543,0.9792166666666666,0.9777,0.9792321873025138,0.9777043336416231
254,0.9799333333333333,0.9791,0.06723778694868088,0.06302235275506973,0.9799340989624383,0.9791348845456583,0.9799333333333333,0.9791,0.9799253235455987,0.9790889121643668
255,0.9802,0.9793,0.06693647801876068,0.06304648518562317,0.9801961844854207,0.9793400705986341,0.9802,0.9793,0.980195271497703,0.9792919780483762
256,0.97935,0.9791,0.06768875569105148,0.06316536664962769,0.9793944492975739,0.9791194091330008,0.97935,0.9791,0.9793547093682385,0.979093362570592
257,0.97995,0.9791,0.06786614656448364,0.06416723877191544,0.9799884620743622,0.9791594045527078,0.97995,0.9791,0.9799555101900166,0.9790989650351721
258,0.9802333333333333,0.9801,0.06690201163291931,0.06311896443367004,0.9802289075557585,0.9801468416902029,0.9802333333333333,0.9801,0.9802201294112929,0.9800877878406488
259,0.9803833333333334,0.9785,0.06728868931531906,0.06518592685461044,0.9803831552259432,0.978627892754807,0.9803833333333334,0.9785,0.9803724318106397,0.9784900502941722
260,0.9800333333333333,0.979,0.06721685081720352,0.06415081769227982,0.9800521018856921,0.9790514642816135,0.9800333333333333,0.979,0.9800307420979161,0.9789932893828652
261,0.9798833333333333,0.9789,0.06786871701478958,0.06416773051023483,0.9799437958356788,0.9789871925938647,0.9798833333333333,0.9789,0.9798920140077909,0.9789057799111375
262,0.9802,0.9793,0.06667222827672958,0.06299249082803726,0.9801921100928523,0.9793472802734281,0.9802,0.9793,0.9801842082932715,0.9792848313035091
263,0.9801666666666666,0.98,0.06725163757801056,0.06317456066608429,0.9801708652271391,0.9800649315674905,0.9801666666666666,0.98,0.9801472278300841,0.9799823197064105
264,0.98045,0.9805,0.06610424071550369,0.06224273517727852,0.9804469743429823,0.9805459910679519,0.98045,0.9805,0.9804412598298042,0.9804916654766599
265,0.9798833333333333,0.98,0.06680900603532791,0.062439922243356705,0.9799093325490359,0.9800241782211307,0.9798833333333333,0.98,0.9798836557716898,0.9799929845130361
266,0.9808166666666667,0.98,0.06576115638017654,0.06179683655500412,0.9808153221784761,0.9800463961223322,0.9808166666666667,0.98,0.9808095587709199,0.9799919590926814
267,0.9803833333333334,0.9794,0.06615310907363892,0.06294269114732742,0.9803911193879862,0.9794567469311407,0.9803833333333334,0.9794,0.9803748791998841,0.9793861379193939
268,0.9806333333333334,0.9797,0.06536529213190079,0.06154337897896767,0.9806386465513134,0.9797417468175037,0.9806333333333334,0.9797,0.9806325741886954,0.979696254022342
269,0.97915,0.9786,0.06906292587518692,0.06517750024795532,0.9792852994769673,0.978756345936739,0.97915,0.9786,0.9791713722534878,0.9786097137781348
270,0.98035,0.9795,0.06642956286668777,0.0631742924451828,0.9803750045934944,0.9795700871144692,0.98035,0.9795,0.9803431991646092,0.979485934364724
271,0.9803166666666666,0.9791,0.06617338955402374,0.06305783241987228,0.9803401761785647,0.9791785662711058,0.9803166666666666,0.9791,0.9803123559472995,0.9790877733563113
272,0.9806833333333334,0.9799,0.06523452699184418,0.0619647391140461,0.9806770175745374,0.9799434697007078,0.9806833333333334,0.9799,0.9806730234673263,0.9798899783718416
273,0.9807666666666667,0.9798,0.06494752317667007,0.061519037932157516,0.9807703628743839,0.9798481345002261,0.9807666666666667,0.9798,0.9807628016809378,0.9797943607293975
274,0.9806833333333334,0.9797,0.06492136418819427,0.061013463884592056,0.9806813938095974,0.9797338408730755,0.9806833333333334,0.9797,0.9806736012862639,0.9796869485071682
275,0.9807166666666667,0.9789,0.065640889108181,0.06352809071540833,0.9807290370567587,0.9789817817634419,0.9807166666666667,0.9789,0.9807133826612583,0.978894307229064
276,0.9803,0.9791,0.06591205298900604,0.0622611939907074,0.9803545663708605,0.979126302090412,0.9803,0.9791,0.9803037976953827,0.9790941946922718
277,0.9809166666666667,0.9788,0.06444574147462845,0.06159127876162529,0.9809126328755965,0.9788634131343217,0.9809166666666667,0.9788,0.9809107865424128,0.9787924201200685
278,0.9802333333333333,0.9797,0.06596536189317703,0.06243002414703369,0.9803177071893188,0.9798018181473755,0.9802333333333333,0.9797,0.9802479948239556,0.9797034966256082
279,0.9807833333333333,0.98,0.0646696463227272,0.06087900325655937,0.9808028192469448,0.9800594230565888,0.9807833333333333,0.98,0.9807830022946098,0.9799963955244281
280,0.9808833333333333,0.9799,0.06445635110139847,0.061256688088178635,0.9808975134623428,0.9799650161631634,0.9808833333333333,0.9799,0.98088351978283,0.9798981533855448
281,0.9808833333333333,0.98,0.06486765295267105,0.06113473325967789,0.9808909773783278,0.9800612016985116,0.9808833333333333,0.98,0.9808728409552135,0.9799858721956569
282,0.9812666666666666,0.9799,0.06447307765483856,0.06137428060173988,0.9812823123622074,0.9799539012972115,0.9812666666666666,0.9799,0.9812652716520464,0.9798966688055328
283,0.9812333333333333,0.9803,0.06389911472797394,0.0607774518430233,0.9812263180265295,0.9803529809770706,0.9812333333333333,0.9803,0.9812221691309414,0.9802898333818894
284,0.98095,0.9788,0.06475058943033218,0.06298168003559113,0.9809721201721784,0.9788783959355098,0.98095,0.9788,0.9809539052933404,0.9787987207738348
285,0.9807166666666667,0.9795,0.06446544826030731,0.06118319556117058,0.9807477722048653,0.979537090012778,0.9807166666666667,0.9795,0.9807178814671232,0.9794959530186734
286,0.9801833333333333,0.9784,0.06623080372810364,0.06339380145072937,0.98024462968813,0.9785160300559004,0.9801833333333333,0.9784,0.9801881452141693,0.9783993373024323
287,0.9816666666666667,0.9802,0.0637631043791771,0.060117077082395554,0.9816619240695452,0.9802586597464429,0.9816666666666667,0.9802,0.981656292410071,0.9801882419563354
288,0.9814166666666667,0.9795,0.06334631890058517,0.06014971807599068,0.9814169357895672,0.9795493000581122,0.9814166666666667,0.9795,0.9814106764339756,0.9794897728185128
289,0.9810666666666666,0.9801,0.06362737715244293,0.0604969784617424,0.9810695003855837,0.9801387003781001,0.9810666666666666,0.9801,0.9810616944335965,0.9800928351956131
290,0.9808166666666667,0.9795,0.06354441493749619,0.060639262199401855,0.9808375203848307,0.9795422827136281,0.9808166666666667,0.9795,0.9808184465643337,0.9794930762469855
291,0.9802166666666666,0.9786,0.06622923910617828,0.06387533247470856,0.9802931811950755,0.9786904191395545,0.9802166666666666,0.9786,0.9802180683769594,0.978591643513445
292,0.98135,0.9805,0.06331165134906769,0.060563407838344574,0.9813446763870088,0.9805586377172678,0.98135,0.9805,0.9813400743384502,0.980493285250649
293,0.9813666666666667,0.9799,0.0633293092250824,0.06027376279234886,0.9813638479498249,0.9799556650700441,0.9813666666666667,0.9799,0.9813525259006405,0.979885848979074
294,0.9811333333333333,0.9798,0.06500331312417984,0.06157650053501129,0.9811623899496585,0.9798795195732853,0.9811333333333333,0.9798,0.9811209210607622,0.9797823317873008
295,0.9815666666666667,0.9806,0.06281497329473495,0.05924743786454201,0.9815670839150363,0.980630658803804,0.9815666666666667,0.9806,0.9815610858694086,0.9805936073207128
296,0.9811666666666666,0.9805,0.06490201503038406,0.061701055616140366,0.9811987735300851,0.9805712418143032,0.9811666666666666,0.9805,0.9811520255493961,0.9804851957500167
297,0.98175,0.9802,0.06269819289445877,0.059517454355955124,0.9817639370122597,0.9802652971334744,0.98175,0.9802,0.9817491665237996,0.9801928005842249
298,0.9816,0.9801,0.06263969093561172,0.0601542666554451,0.9816108738685151,0.9801476577212581,0.9816,0.9801,0.981597554467413,0.9800923146851049
299,0.9812666666666666,0.9806,0.06217113137245178,0.05920223519206047,0.9812644120157591,0.9806392292527911,0.9812666666666666,0.9806,0.9812614072527086,0.9805899203848516
300,0.9808666666666667,0.9787,0.06527993083000183,0.06478860229253769,0.980932213179264,0.9789020862487395,0.9808666666666667,0.9787,0.980867992007999,0.9787064794923548
301,0.9817,0.98,0.06209322437644005,0.05979219824075699,0.9817063403488067,0.980053085870846,0.9817,0.98,0.9817005794318081,0.979994982187115
302,0.98155,0.9798,0.06217755377292633,0.059739191085100174,0.9815593024702214,0.9798628398935767,0.98155,0.9798,0.9815484555563401,0.9797953475765345
303,0.9821166666666666,0.9807,0.062241848558187485,0.05932724475860596,0.9821187461202118,0.9807482596469567,0.9821166666666666,0.9807,0.982106124902806,0.9806906542067898
304,0.9817333333333333,0.9805,0.061958037316799164,0.05863916128873825,0.9817544695456362,0.9805395379379994,0.9817333333333333,0.9805,0.9817368512252622,0.9804973287581377
305,0.98195,0.9811,0.06163937225937843,0.0581677071750164,0.981948008502068,0.9811334348013788,0.98195,0.9811,0.9819444606230248,0.9810917175966816
306,0.97875,0.9767,0.06998410075902939,0.06677448749542236,0.9790430506799708,0.9769076655011413,0.97875,0.9767,0.9787833360640634,0.9767060637459459
307,0.9820166666666666,0.9806,0.06181197240948677,0.058777742087841034,0.9820239812826447,0.9806533994258285,0.9820166666666666,0.9806,0.9820114968631313,0.9805863092669118
308,0.98205,0.98,0.061588600277900696,0.05904776602983475,0.9820507321209756,0.9800373669375344,0.98205,0.98,0.9820441911547266,0.979991331492557
309,0.9820166666666666,0.9806,0.061346206814050674,0.058219898492097855,0.9820099498920749,0.9806358221397613,0.9820166666666666,0.9806,0.9820069603632435,0.9805891231892312
310,0.9822,0.9802,0.06123308837413788,0.058892589062452316,0.9821980444651357,0.9802546013069695,0.9822,0.9802,0.9821950230760457,0.9801932434229919
311,0.9807833333333333,0.9796,0.06450480222702026,0.0611797496676445,0.9809299088520405,0.9797859251825023,0.9807833333333333,0.9796,0.9808052627735308,0.9796162540772064
312,0.9822333333333333,0.9806,0.06119648367166519,0.058430083096027374,0.9822395959519667,0.9806504254456062,0.9822333333333333,0.9806,0.982229738646393,0.9805903258076197
313,0.98185,0.9801,0.061620622873306274,0.05897200480103493,0.9818777036672143,0.9801479023283016,0.98185,0.9801,0.9818564746948598,0.9800951182487657
314,0.9819333333333333,0.9804,0.06110316514968872,0.058776356279850006,0.98194020835974,0.980435706992335,0.9819333333333333,0.9804,0.9819335294596188,0.9803904770387286
315,0.98235,0.9812,0.060772135853767395,0.05780539661645889,0.9823468044075631,0.9812364698124193,0.98235,0.9812,0.9823429805281805,0.9811890791180436
316,0.9821,0.9804,0.06185732036828995,0.05922568216919899,0.9821263427048686,0.9804670321082442,0.9821,0.9804,0.9821061248531159,0.9804018326538835
317,0.9822333333333333,0.9808,0.061223506927490234,0.05945181846618652,0.982242411413482,0.980847110101373,0.9822333333333333,0.9808,0.9822308151255216,0.9807930540906049
318,0.9824333333333334,0.9812,0.061311785131692886,0.05870456621050835,0.9824450640474098,0.9812643562360684,0.9824333333333334,0.9812,0.98242654731749,0.9811960533002699
319,0.9822333333333333,0.9809,0.06035696342587471,0.05790437012910843,0.9822267442345209,0.9809469368880517,0.9822333333333333,0.9809,0.9822251178092134,0.9808914847203372
320,0.9822833333333333,0.9806,0.060741279274225235,0.059207506477832794,0.9822791258707807,0.9806564292129336,0.9822833333333333,0.9806,0.9822741673131298,0.9805946406145333
321,0.9812333333333333,0.9808,0.0629657506942749,0.059835534542798996,0.9812794239691036,0.9808594577169854,0.9812333333333333,0.9808,0.9812249920869979,0.9807880322600764
322,0.98175,0.9804,0.061143383383750916,0.057548023760318756,0.981813571346958,0.9804169899899186,0.98175,0.9804,0.9817576437978661,0.9803938053386175
323,0.9825666666666667,0.9811,0.060430314391851425,0.05802285671234131,0.9825821651169565,0.9811631098297454,0.9825666666666667,0.9811,0.9825654862054857,0.981095844895509
324,0.98245,0.9806,0.06007783114910126,0.0567680299282074,0.9824700249327086,0.9806200748587464,0.98245,0.9806,0.982453060977935,0.9805954212074356
325,0.9825666666666667,0.9817,0.05974205583333969,0.057005900889635086,0.9825665266776266,0.9817375560060125,0.9825666666666667,0.9817,0.982562585404045,0.9816905555682595
326,0.9823833333333334,0.9812,0.06049388274550438,0.057103198021650314,0.9824121506986068,0.9812243774514325,0.9823833333333334,0.9812,0.982387539209337,0.981196434278413
327,0.9827166666666667,0.9816,0.05979637801647186,0.05694812536239624,0.9827247546480102,0.9816422440799856,0.9827166666666667,0.9816,0.9827146730848756,0.98159321887179
328,0.9822,0.9811,0.06097724661231041,0.05774886533617973,0.9822146608136235,0.9811412547875125,0.9822,0.9811,0.9821926563252954,0.9810909982955738
329,0.9815666666666667,0.9802,0.0620121955871582,0.05783964693546295,0.9816756227364813,0.980260033432014,0.9815666666666667,0.9802,0.9815864067168302,0.9802033038163068
330,0.9824166666666667,0.981,0.06065213680267334,0.05758392810821533,0.9824225945892964,0.9810447368401345,0.9824166666666667,0.981,0.9824011258310055,0.980986749296318
331,0.98235,0.9803,0.06015227735042572,0.05816476419568062,0.9823714387318195,0.980353496795313,0.98235,0.9803,0.9823505658270677,0.9802927897310721
332,0.9815166666666667,0.9788,0.062421996146440506,0.06080297753214836,0.9815954408924389,0.9788985677630477,0.9815166666666667,0.9788,0.9815221379224635,0.9787974252670938
333,0.983,0.9815,0.0603942908346653,0.058701030910015106,0.9830140421524758,0.9815785240421452,0.983,0.9815,0.9829919188771593,0.981488495265344
334,0.9826666666666667,0.9818,0.05910135433077812,0.05646051466464996,0.9826673671556323,0.9818320038633767,0.9826666666666667,0.9818,0.9826612740947097,0.9817915259908983
335,0.9829333333333333,0.9812,0.05921843647956848,0.05763956904411316,0.9829315578725444,0.9812709170755465,0.9829333333333333,0.9812,0.9829278133358046,0.9811936076370407
336,0.9812666666666666,0.9787,0.06303700804710388,0.06114399433135986,0.9813414112605152,0.978832757402334,0.9812666666666666,0.9787,0.9812793687920314,0.9787053159526747
337,0.98305,0.9814,0.05856607109308243,0.05668644234538078,0.9830487362326484,0.9814409544887585,0.98305,0.9814,0.9830480893158581,0.9813925094029687
338,0.9829666666666667,0.9817,0.05861997604370117,0.05576159060001373,0.9829744429490739,0.9817229100383298,0.9829666666666667,0.9817,0.982966613004069,0.9816939612302227
339,0.9830833333333333,0.9812,0.05844554677605629,0.05646904185414314,0.983075720994752,0.9812417228479624,0.9830833333333333,0.9812,0.9830762388874174,0.9811908169494125
340,0.982,0.9808,0.06120135262608528,0.05918247252702713,0.9820367488949316,0.980879846494163,0.982,0.9808,0.9819786036819967,0.9807774236427195
341,0.98325,0.9815,0.05851352587342262,0.05651929974555969,0.9832478224170231,0.9815426712142876,0.98325,0.9815,0.9832437027757425,0.9814908052119201
342,0.9827833333333333,0.9803,0.05936272442340851,0.05689653754234314,0.9828239827262202,0.9803358975771831,0.9827833333333333,0.9803,0.9827837776197869,0.9802927308742947
343,0.9827333333333333,0.9814,0.059326574206352234,0.05717151612043381,0.9827410179192261,0.9814516398308262,0.9827333333333333,0.9814,0.9827244707637279,0.9813915284623139
344,0.98305,0.9818,0.0588456355035305,0.056607700884342194,0.9830459707180225,0.9818439506349383,0.98305,0.9818,0.9830380931542583,0.981788734612645
345,0.9833333333333333,0.9814,0.05805663391947746,0.056290704756975174,0.9833341294551831,0.9814475778757962,0.9833333333333333,0.9814,0.9833314836760864,0.9813936656028729
346,0.98315,0.9818,0.058706752955913544,0.05640086531639099,0.9831716652869024,0.9818580724022072,0.98315,0.9818,0.9831504342330472,0.9817988153399796
347,0.9812833333333333,0.9812,0.06452284008264542,0.05998144671320915,0.9813705060137146,0.9813076790700679,0.9812833333333333,0.9812,0.9812557873450927,0.9811839463857365
348,0.9831,0.9817,0.0586017444729805,0.05623883754014969,0.9831135856914469,0.9817467700249861,0.9831,0.9817,0.9830959045686499,0.9816942290950177
349,0.983,0.9818,0.0587431974709034,0.05615590885281563,0.9830087527601012,0.9818386339259577,0.983,0.9818,0.9829907373044818,0.9817879829681943
350,0.98345,0.9822,0.05756685510277748,0.05530989542603493,0.983446527942155,0.9822248899083103,0.98345,0.9822,0.9834453250003105,0.9821907110453636
351,0.9832333333333333,0.981,0.05789627134799957,0.056356336921453476,0.9832403030806185,0.9810520498410602,0.9832333333333333,0.981,0.983231522021001,0.9809926744178988
352,0.9831333333333333,0.9807,0.05912695452570915,0.05866824835538864,0.9831512135097406,0.980817040651619,0.9831333333333333,0.9807,0.9831283314338467,0.980691924294687
353,0.9834833333333334,0.982,0.05780088156461716,0.05550830811262131,0.9834970254910205,0.9820403747616981,0.9834833333333334,0.982,0.9834845561502988,0.9819973221938199
354,0.9832,0.9818,0.05756060779094696,0.05585737153887749,0.98320078915843,0.9818558457057397,0.9832,0.9818,0.9831969925633685,0.9817952838875903
355,0.9830833333333333,0.9814,0.057728953659534454,0.05575025454163551,0.9830939768242377,0.9814440355811211,0.9830833333333333,0.9814,0.9830827173826302,0.9813955047310544
356,0.9835333333333334,0.9813,0.05748683959245682,0.05564630776643753,0.9835331689997399,0.981350061727102,0.9835333333333334,0.9813,0.9835271816947153,0.9812913985939385
357,0.9833333333333333,0.9816,0.05719408020377159,0.05538329482078552,0.9833300156931898,0.9816534591817446,0.9833333333333333,0.9816,0.9833283001903513,0.9815920021084261
358,0.9837,0.9817,0.057277340441942215,0.05537375435233116,0.9836976414815272,0.9817473391210529,0.9837,0.9817,0.983692272411849,0.9816915528301721
359,0.9833166666666666,0.9808,0.057960715144872665,0.05722352862358093,0.9833359659050404,0.9808815936388586,0.9833166666666666,0.9808,0.9833199084801073,0.9808002370387163
360,0.9835666666666667,0.9818,0.05727793276309967,0.05598597228527069,0.9835662405029151,0.9818492007354466,0.9835666666666667,0.9818,0.9835584087488722,0.9817893199456299
361,0.9832666666666666,0.9815,0.05794147774577141,0.056218456476926804,0.9832910905907675,0.9815823327414631,0.9832666666666666,0.9815,0.9832616372041575,0.9814912962706441
362,0.9837166666666667,0.9818,0.05681874603033066,0.054937444627285004,0.9837196905384926,0.981839995382153,0.9837166666666667,0.9818,0.983712594084205,0.9817928101655354
363,0.9830666666666666,0.9816,0.057778481394052505,0.05633328855037689,0.9830764956102894,0.9816764841919956,0.9830666666666666,0.9816,0.9830584972321739,0.9815840302038344
364,0.9820166666666666,0.9799,0.06029871106147766,0.0582490973174572,0.9821559366880355,0.9800098927674535,0.9820166666666666,0.9799,0.9820401620622944,0.9799080355718899
365,0.9831,0.981,0.05777343735098839,0.05549350008368492,0.9831514730144598,0.9810352681698583,0.9831,0.981,0.9831053212654629,0.9809952568495209
366,0.9836833333333334,0.9822,0.056602418422698975,0.054520074278116226,0.9836809450514378,0.9822393897551825,0.9836833333333334,0.9822,0.9836772565914945,0.9821934216912918
367,0.9836333333333334,0.9821,0.05725950002670288,0.054839007556438446,0.9836433100714683,0.9821488264609288,0.9836333333333334,0.9821,0.9836284635512142,0.9820922290864712
368,0.9829666666666667,0.9815,0.06033657118678093,0.057252924889326096,0.983012899169629,0.9815761016336124,0.9829666666666667,0.9815,0.982951132401355,0.9814884541933865
369,0.9833,0.9811,0.057786960154771805,0.0564194954931736,0.9833253039009082,0.9811851741740111,0.9833,0.9811,0.9832970986670659,0.9810957978758679
370,0.98375,0.9822,0.056293122470378876,0.054292671382427216,0.9837487323303714,0.9822384660293668,0.98375,0.9822,0.983744800352056,0.9821909014761461
371,0.9838166666666667,0.9826,0.05597725510597229,0.054477643221616745,0.9838104302381949,0.9826468304012859,0.9838166666666667,0.9826,0.9838105690116822,0.9825902696631637
372,0.9840166666666667,0.9817,0.05610039085149765,0.0546012818813324,0.9840222871080327,0.9817463956698881,0.9840166666666667,0.9817,0.9840173216482658,0.9816951482201124
373,0.9832,0.981,0.05791027843952179,0.05567879602313042,0.98327301676308,0.9810623643109843,0.9832,0.981,0.9832161918617383,0.9810039678320016
374,0.9838166666666667,0.981,0.05676582455635071,0.055417247116565704,0.9838404039828128,0.9810463182179859,0.9838166666666667,0.981,0.9838179386075614,0.9809934783222339
375,0.9839666666666667,0.9817,0.05610466003417969,0.054924000054597855,0.9839636521485615,0.9817653206033427,0.9839666666666667,0.9817,0.9839575192232336,0.9816878339173473
376,0.98405,0.9818,0.05646491423249245,0.05614075809717178,0.9840619946786382,0.9818854122239596,0.98405,0.9818,0.9840498199110584,0.9818007244815317
377,0.9838,0.9817,0.056110892444849014,0.05428207293152809,0.9838175107800778,0.981748502608479,0.9838,0.9817,0.983803245010759,0.9816975340595365
378,0.98405,0.9819,0.05558660253882408,0.05410386994481087,0.9840503168612383,0.9819465440654672,0.98405,0.9819,0.9840485280994463,0.9818954389225301
379,0.98395,0.9822,0.055679094046354294,0.05370954051613808,0.9839603317719023,0.982234959977736,0.98395,0.9822,0.9839489035701856,0.9821945269229824
380,0.98375,0.9819,0.0565757229924202,0.054682739078998566,0.9837786964323296,0.9819752422113899,0.98375,0.9819,0.9837501018139354,0.9818912351013313
381,0.98385,0.9823,0.05607333406805992,0.05341220274567604,0.9838795273965777,0.982320702183205,0.98385,0.9823,0.9838540975546785,0.9822954011498883
382,0.9837,0.9814,0.05665884166955948,0.056016478687524796,0.9837166589077492,0.9814767191826453,0.9837,0.9814,0.9836917205943007,0.9813911708942961
383,0.9840666666666666,0.9823,0.05557968467473984,0.05350906401872635,0.9840772789812433,0.9823367208604459,0.9840666666666666,0.9823,0.984065249418504,0.982294999706901
384,0.9834333333333334,0.9811,0.05774616822600365,0.05744336545467377,0.9834988335262312,0.9812328670169101,0.9834333333333334,0.9811,0.9834403575971916,0.9810999441137966
385,0.9840666666666666,0.9826,0.055301230400800705,0.05350356549024582,0.984072060000492,0.9826455761583364,0.9840666666666666,0.9826,0.9840602312592841,0.9825925194605459
386,0.9843833333333334,0.9821,0.05517129600048065,0.05441148206591606,0.9843885605693977,0.982149995713206,0.9843833333333334,0.9821,0.984383509172855,0.9820975282249752
387,0.9841833333333333,0.982,0.0553983673453331,0.05375419929623604,0.9841921108043157,0.9820367625483617,0.9841833333333333,0.982,0.9841799312633216,0.9819896438340031
388,0.9843666666666666,0.9827,0.05493669956922531,0.05361313000321388,0.9843633357182412,0.982741165400425,0.9843666666666666,0.9827,0.9843586853471881,0.9826927418365682
389,0.9841166666666666,0.9817,0.055834099650382996,0.05457499995827675,0.9841518917491131,0.9817748705124079,0.9841166666666666,0.9817,0.9841227901961167,0.9817004053804951
390,0.9841333333333333,0.9818,0.055887795984745026,0.055243998765945435,0.9841449071227706,0.9818768179422502,0.9841333333333333,0.9818,0.9841249823246817,0.981793866701648
391,0.9846166666666667,0.9825,0.05463884770870209,0.05317199230194092,0.9846222502693895,0.9825398560016118,0.9846166666666667,0.9825,0.9846162948641481,0.9824944297417183
392,0.9843833333333334,0.982,0.0550423189997673,0.053389497101306915,0.984393826048273,0.982051515257076,0.9843833333333334,0.982,0.9843814644648253,0.9819936043192714
393,0.9845166666666667,0.9826,0.05524247884750366,0.05431162193417549,0.9845182184386851,0.9826592054718021,0.9845166666666667,0.9826,0.9845084034777057,0.9825913744893015
394,0.9845666666666667,0.9822,0.05468367040157318,0.053387463092803955,0.9845736369284457,0.9822411055558494,0.9845666666666667,0.9822,0.9845663290479733,0.9821955381559444
395,0.98455,0.9823,0.05556531623005867,0.055272314697504044,0.9845567422842604,0.982382306115074,0.98455,0.9823,0.9845383747739371,0.9822884009442266
396,0.9846,0.9829,0.05445287004113197,0.052902936935424805,0.9845977749162338,0.9829401907889688,0.9846,0.9829,0.9845948899546803,0.9828936958378827
397,0.9845333333333334,0.982,0.05470699816942215,0.05322621017694473,0.9845523105051951,0.9820255061997137,0.9845333333333334,0.982,0.9845359394313534,0.9819935675710807
398,0.9839333333333333,0.9819,0.05548400804400444,0.054388049989938736,0.983935990992598,0.9819653927433155,0.9839333333333333,0.9819,0.983922750909498,0.9818869619407311
399,0.9843,0.9827,0.05459211766719818,0.05286987125873566,0.9843117355571136,0.9827408086490975,0.9843,0.9827,0.9842990173628677,0.9826927644010298
400,0.9847166666666667,0.9829,0.05413956195116043,0.05318152904510498,0.9847123864735984,0.9829492578937481,0.9847166666666667,0.9829,0.9847123341854257,0.9828940027250619
401,0.98355,0.9804,0.056772954761981964,0.05508111044764519,0.9836269519736103,0.9804557798334518,0.98355,0.9804,0.9835636707503266,0.980396785541911
402,0.9844166666666667,0.9824,0.054329223930835724,0.05248934403061867,0.9844231908741029,0.9824370748085869,0.9844166666666667,0.9824,0.9844102471426655,0.9823931188091392
403,0.98465,0.9827,0.05485905706882477,0.05297595262527466,0.9846627059309859,0.982752131213533,0.98465,0.9827,0.9846425581357315,0.982692965973648
404,0.9846333333333334,0.9824,0.054562512785196304,0.05333712324500084,0.9846373250683508,0.982450548550858,0.9846333333333334,0.9824,0.9846266051014226,0.9823939535975469
405,0.9825333333333334,0.9807,0.05904511362314224,0.05765135958790779,0.9826314929473173,0.9808357974302228,0.9825333333333334,0.9807,0.9825116295323655,0.9806730269287484
406,0.9848,0.9829,0.05425852909684181,0.05299985781311989,0.9848102455313137,0.9829332660822212,0.9848,0.9829,0.9847983906225815,0.982894880607893
407,0.9851666666666666,0.983,0.05354056879878044,0.052275270223617554,0.9851678096129901,0.9830365056513009,0.9851666666666666,0.983,0.9851642077643518,0.982994118148417
408,0.9846333333333334,0.9826,0.05466718226671219,0.0523504763841629,0.9846580976282022,0.9826503874984057,0.9846333333333334,0.9826,0.9846324479353238,0.9825974728969983
409,0.9847666666666667,0.9822,0.05424657464027405,0.05366017296910286,0.9847731087920251,0.9822624201231991,0.9847666666666667,0.9822,0.9847559199959025,0.9821907822690852
410,0.9844,0.9823,0.055173344910144806,0.05230256915092468,0.9844471939438487,0.9823629271626413,0.9844,0.9823,0.9844030832131542,0.9822962675088618
411,0.9836166666666667,0.9811,0.05723130702972412,0.054794203490018845,0.9837136780583794,0.9812595342718176,0.9836166666666667,0.9811,0.983614347650716,0.9811042353710796
412,0.9849166666666667,0.9826,0.05343830585479736,0.052689824253320694,0.9849170005305025,0.982647980507004,0.9849166666666667,0.9826,0.9849128837000878,0.9825923048984773
413,0.9846,0.982,0.05436191335320473,0.05315109342336655,0.9846249595997334,0.9820710890553223,0.9846,0.982,0.9845995362405042,0.9819918067824422
414,0.9851,0.9823,0.05325201526284218,0.05260737985372543,0.9850954738166315,0.9823517338799682,0.9851,0.9823,0.9850962182946481,0.9822906471938293
415,0.9844333333333334,0.9808,0.05527650564908981,0.0555112361907959,0.9844725013872868,0.9809181461752358,0.9844333333333334,0.9808,0.9844410222562089,0.9808074084624799
416,0.98505,0.9826,0.05316515639424324,0.05224362015724182,0.9850563776930736,0.9826410619163164,0.98505,0.9826,0.985050701907768,0.982594010248204
417,0.9849333333333333,0.983,0.053250882774591446,0.051822107285261154,0.9849402748322625,0.9830364446391828,0.9849333333333333,0.983,0.9849284775003965,0.9829926397376585
418,0.9849166666666667,0.9826,0.05418134853243828,0.053854089230298996,0.9849229949061167,0.9826749794825362,0.9849166666666667,0.9826,0.9849030166911168,0.9825851760683129
419,0.9848333333333333,0.9827,0.05396130308508873,0.05225081741809845,0.984846836523415,0.9827293113873186,0.9848333333333333,0.9827,0.9848271541861334,0.9826938724980395
420,0.9850833333333333,0.9828,0.05306895822286606,0.052221812307834625,0.9850800360161719,0.982845827582948,0.9850833333333333,0.9828,0.9850738572423162,0.9827893117132186
421,0.9853833333333334,0.9825,0.05275793373584747,0.05191310867667198,0.9853815553334503,0.9825393927249871,0.9853833333333334,0.9825,0.9853793909140915,0.9824932550901946
422,0.9853833333333334,0.9833,0.05307565629482269,0.05175413936376572,0.9853878660524228,0.9833386218570364,0.9853833333333334,0.9833,0.9853793664144346,0.9832952237056412
423,0.9853,0.9831,0.05268767103552818,0.051990192383527756,0.9852976256470889,0.9831389110074878,0.9853,0.9831,0.9852958222323189,0.9830909962886412
424,0.98505,0.9826,0.05352772772312164,0.051852770149707794,0.9850754663601393,0.9826448894006198,0.98505,0.9826,0.9850506047449724,0.9825900539671313
425,0.9851333333333333,0.9831,0.05287660285830498,0.05175085365772247,0.9851318604335457,0.9831375093246983,0.9851333333333333,0.9831,0.9851255666081239,0.9830910362525767
426,0.9855,0.9833,0.05247250944375992,0.05176328122615814,0.9854974158474388,0.9833474209385534,0.9855,0.9833,0.9854969681969145,0.9832931143895989
427,0.9849333333333333,0.9826,0.05287981033325195,0.050796300172805786,0.984946384025969,0.9826272514662785,0.9849333333333333,0.9826,0.9849296452229358,0.9825928346323444
428,0.9851,0.9822,0.05296752601861954,0.052744269371032715,0.9851064699459932,0.9822538092408412,0.9851,0.9822,0.9850965499967759,0.9821915839347359
429,0.9853166666666666,0.9825,0.05281682685017586,0.05162591114640236,0.9853154883167871,0.9825362700214281,0.9853166666666666,0.9825,0.9853095477691954,0.982489993004208
430,0.9846,0.9818,0.05404505506157875,0.05289563164114952,0.9846522940199924,0.9818402859580146,0.9846,0.9818,0.9846064682118632,0.9817973661092723
431,0.98545,0.9829,0.052099935710430145,0.05146992206573486,0.9854441495792717,0.9829422473842709,0.98545,0.9829,0.9854455498913203,0.9828929003078851
432,0.9856833333333334,0.9832,0.05231083929538727,0.05159260332584381,0.9856786202924896,0.9832495111860239,0.9856833333333334,0.9832,0.9856783653538953,0.9831911082864151
433,0.9850666666666666,0.9824,0.05301332101225853,0.0523277223110199,0.9850823612990303,0.9824608223292846,0.9850666666666666,0.9824,0.9850676305334677,0.9823959821154833
434,0.9849166666666667,0.9823,0.05359536036849022,0.05279504507780075,0.9849591020530234,0.9823397468827428,0.9849166666666667,0.9823,0.9849278831766177,0.9822991424078827
435,0.9852833333333333,0.9827,0.05273357406258583,0.05150819197297096,0.9852878968932594,0.9827453840136013,0.9852833333333333,0.9827,0.9852755270364195,0.9826882385168408
436,0.9853666666666666,0.9826,0.052398618310689926,0.05239396542310715,0.9853661870710826,0.9826574419553704,0.9853666666666666,0.9826,0.985356821462625,0.9825885254882103
437,0.9854333333333334,0.9828,0.052334338426589966,0.05132409185171127,0.9854434252373776,0.9828392495167037,0.9854333333333334,0.9828,0.985429327899701,0.9827954142110595
438,0.9855666666666667,0.9824,0.052266836166381836,0.052005670964717865,0.9855725503801605,0.9824513761793209,0.9855666666666667,0.9824,0.985564355756901,0.9823942834836231
439,0.9848166666666667,0.9805,0.054564859718084335,0.055814746767282486,0.9848577971311235,0.9806280818810743,0.9848166666666667,0.9805,0.9848203575921374,0.9805007734838775
440,0.9851,0.9828,0.05343170464038849,0.05227227136492729,0.9851284028845012,0.982866190493411,0.9851,0.9828,0.9850949724505043,0.9827978779443254
441,0.985,0.9823,0.054251644760370255,0.05301064997911453,0.9850670259971409,0.9823833307126175,0.985,0.9823,0.9850074332051183,0.9823037510250592
442,0.98535,0.9831,0.05331505089998245,0.05307180806994438,0.9853688253244746,0.9831784383095288,0.98535,0.9831,0.9853385521897025,0.9830836779868554
443,0.9854333333333334,0.9827,0.05332082137465477,0.05199223756790161,0.9854526430756335,0.982756804419275,0.9854333333333334,0.9827,0.9854261177830874,0.9826934705011409
444,0.9857833333333333,0.9832,0.052495647221803665,0.05239225551486015,0.9858052387236976,0.9832712059955251,0.9857833333333333,0.9832,0.9857848488239187,0.9831960521019689
445,0.98585,0.9835,0.051963407546281815,0.0516766794025898,0.9858512312432481,0.9835492915502592,0.98585,0.9835,0.9858422122014712,0.9834922984193459
446,0.9859333333333333,0.983,0.05169890448451042,0.05152769759297371,0.9859425306409432,0.9830368992078847,0.9859333333333333,0.983,0.9859324793853251,0.9829960355971001
447,0.9858,0.9826,0.051913898438215256,0.05166187137365341,0.9858011117479551,0.982645097745441,0.9858,0.9826,0.9857926274115507,0.9825891339970773
448,0.9858,0.9828,0.051788538694381714,0.05146246403455734,0.9858027756502221,0.9828484610811509,0.9858,0.9828,0.9857914340389107,0.9827876897454504
449,0.9860666666666666,0.9837,0.051273372024297714,0.05067240446805954,0.9860706573875319,0.9837477133931037,0.9860666666666666,0.9837,0.986066470109737,0.9836965468208678
450,0.9855166666666667,0.9829,0.05187010392546654,0.05124813690781593,0.9855218912613823,0.9829570150349793,0.9855166666666667,0.9829,0.9855064544134956,0.982886546543415
451,0.9860166666666667,0.9836,0.051156751811504364,0.050391633063554764,0.9860229441866907,0.9836348190275991,0.9860166666666667,0.9836,0.9860159952707869,0.983597253384889
452,0.986,0.9829,0.05117082595825195,0.050980426371097565,0.9859987951268601,0.9829477341456184,0.986,0.9829,0.9859975295136498,0.9828935254697162
453,0.9854833333333334,0.9831,0.05141057074069977,0.05065193027257919,0.9854962172719602,0.9831277067642783,0.9854833333333334,0.9831,0.9854811778122432,0.9830928121593508
454,0.98565,0.9834,0.05175265669822693,0.050765857100486755,0.985660160123391,0.9834380501816883,0.98565,0.9834,0.985644289455291,0.9833962149203151
455,0.986,0.9837,0.05109203979372978,0.05031660944223404,0.986006450757261,0.9837385616517654,0.986,0.9837,0.9859957912782177,0.9836951972297977
456,0.9852333333333333,0.9834,0.05347451940178871,0.05167728289961815,0.985288287004373,0.983456955787206,0.9852333333333333,0.9834,0.9852359938290673,0.9833989114974669
457,0.9863666666666666,0.9831,0.051060356199741364,0.05126270651817322,0.9863661216291749,0.9831663580543339,0.9863666666666666,0.9831,0.9863617972751797,0.9830923113703862
458,0.9861333333333333,0.9832,0.05120670422911644,0.05039510875940323,0.9861411078501356,0.9832403199899874,0.9861333333333333,0.9832,0.986130722016653,0.9831965584750239
459,0.9852,0.9834,0.053237929940223694,0.05177242308855057,0.9852335363407126,0.9834551106865654,0.9852,0.9834,0.985194484222944,0.9833882406891358
460,0.9861666666666666,0.9838,0.05077604576945305,0.050563544034957886,0.9861716911938815,0.9838402094509052,0.9861666666666666,0.9838,0.9861643175506739,0.9837943290700255
461,0.9863833333333333,0.9831,0.050729069858789444,0.05056530982255936,0.9863887138842025,0.983148996575505,0.9863833333333333,0.9831,0.986382505293715,0.9830938767857064
462,0.9861666666666666,0.9831,0.051075566560029984,0.05111413821578026,0.9861710176208596,0.9831611201301726,0.9861666666666666,0.9831,0.9861589649913458,0.9830866982146146
463,0.9858333333333333,0.9831,0.05125802755355835,0.05140919238328934,0.9858359358621523,0.9831693264383322,0.9858333333333333,0.9831,0.9858217873829517,0.9830880858615741
464,0.9864833333333334,0.9834,0.050354018807411194,0.049971308559179306,0.9864811655457775,0.9834467825342005,0.9864833333333334,0.9834,0.9864798025694995,0.983395762597011
465,0.9861333333333333,0.9827,0.05127519369125366,0.051429472863674164,0.9861465730536615,0.9827595250671386,0.9861333333333333,0.9827,0.9861342592265444,0.9826965061036748
466,0.9863166666666666,0.9833,0.050803471356630325,0.05023166537284851,0.9863169798804645,0.9833492735314093,0.9863166666666666,0.9833,0.9863092639725876,0.9832911647744277
467,0.9863333333333333,0.9836,0.05037444829940796,0.049488406628370285,0.9863392608670309,0.983632436823635,0.9863333333333333,0.9836,0.9863305882389821,0.9835954695622336
468,0.9861666666666666,0.9831,0.05204194039106369,0.052405908703804016,0.9862079474706551,0.9831901154103145,0.9861666666666666,0.9831,0.9861746576645298,0.9831023415122394
469,0.9862,0.9833,0.05055542290210724,0.04991304501891136,0.9862061150062229,0.9833344659119846,0.9862,0.9833,0.9861965479556096,0.9832913481361758
470,0.9861,0.9832,0.05154768005013466,0.05209863930940628,0.986108334725466,0.983286393362958,0.9861,0.9832,0.9860927315563293,0.9831871278660119
471,0.9864666666666667,0.9834,0.05019703507423401,0.05035905912518501,0.9864656792297335,0.9834514109444985,0.9864666666666667,0.9834,0.986462682338341,0.9833964062963221
472,0.9862833333333333,0.9832,0.05045740306377411,0.04987962543964386,0.9862830989903393,0.9832390299299978,0.9862833333333333,0.9832,0.9862752082519995,0.9831900732989765
473,0.9864,0.9834,0.05021629482507706,0.05004808306694031,0.9863989128535213,0.9834434879279709,0.9864,0.9834,0.9863924161989087,0.983391309402879
474,0.98655,0.9833,0.04996122047305107,0.05025337636470795,0.9865468531950153,0.9833471739900482,0.98655,0.9833,0.9865460971655557,0.9832937830813627
475,0.9863333333333333,0.9835,0.0501570962369442,0.04926270246505737,0.9863433847117369,0.9835368539494735,0.9863333333333333,0.9835,0.9863319334880515,0.9834958639802936
476,0.98585,0.9825,0.05084621161222458,0.05184347555041313,0.9858565486911584,0.9825866540892539,0.98585,0.9825,0.9858406498147857,0.9824881471559591
477,0.9859833333333333,0.9837,0.05103205516934395,0.049931056797504425,0.9860041373543382,0.9837285687686151,0.9859833333333333,0.9837,0.985979008258902,0.9836940560234622
478,0.9853333333333333,0.9838,0.05213958024978638,0.05051087215542793,0.9853857509824039,0.9838803306864731,0.9853333333333333,0.9838,0.9853290817224488,0.9837979293273332
479,0.9864,0.9831,0.04996001720428467,0.04979356378316879,0.9863966780306015,0.9831533072335847,0.9864,0.9831,0.9863927973447824,0.9830895091848004
480,0.9863666666666666,0.9834,0.050933465361595154,0.05111948400735855,0.986389080096308,0.9834841301986383,0.9863666666666666,0.9834,0.9863628410394747,0.98339410769091
481,0.9856666666666667,0.9829,0.051644887775182724,0.050997983664274216,0.9857252924228713,0.9829617422632777,0.9856666666666667,0.9829,0.9856786394615591,0.9829001027316843
482,0.9863166666666666,0.9831,0.04978806525468826,0.04948098585009575,0.9863265859259722,0.9831469964473696,0.9863166666666666,0.9831,0.9863169458732334,0.9830975346948766
483,0.9865333333333334,0.9827,0.049731358885765076,0.04997448995709419,0.9865391915034725,0.9827399565365896,0.9865333333333334,0.9827,0.9865326333946087,0.9826926277404368
484,0.9864666666666667,0.983,0.049599211663007736,0.04959720000624657,0.9864694478769716,0.9830401482221176,0.9864666666666667,0.983,0.9864651838158875,0.9829950913058987
485,0.98585,0.9843,0.050849106162786484,0.04891901835799217,0.9858684975131689,0.9843326487332801,0.98585,0.9843,0.9858464378315676,0.984292980455909
486,0.9866833333333334,0.9827,0.049801453948020935,0.04973940551280975,0.9866898721682623,0.9827478411962831,0.9866833333333334,0.9827,0.9866800713177911,0.9826923961981047
487,0.9865333333333334,0.9834,0.04928052797913551,0.04911545664072037,0.9865324316484596,0.9834431167235662,0.9865333333333334,0.9834,0.9865285560196634,0.9833920239653923
488,0.9865666666666667,0.9832,0.04960004612803459,0.049406733363866806,0.9865692893786437,0.9832487893191948,0.9865666666666667,0.9832,0.9865634646598476,0.9831931914290486
489,0.9867833333333333,0.9834,0.04958096891641617,0.04981378838419914,0.9867871192338432,0.9834460409319692,0.9867833333333333,0.9834,0.9867802714637904,0.9833948206653167
490,0.9863166666666666,0.983,0.050004009157419205,0.04972204193472862,0.9863312558716717,0.9830638962751158,0.9863166666666666,0.983,0.9863132440602995,0.9829917095412735
491,0.9868166666666667,0.9833,0.05032244697213173,0.050691697746515274,0.9868358097239589,0.9833617406245195,0.9868166666666667,0.9833,0.986816987920234,0.9832996813481711
492,0.9857666666666667,0.9836,0.05123644322156906,0.05013848841190338,0.9858040530355217,0.9836527303538524,0.9857666666666667,0.9836,0.9857615978103371,0.9835954551234926
493,0.9867333333333334,0.9831,0.049095410853624344,0.04949086531996727,0.9867328579857692,0.9831510446328908,0.9867333333333334,0.9831,0.9867306982754733,0.9830921121670075
494,0.9860333333333333,0.9828,0.050994087010622025,0.05085571110248566,0.9860953339970108,0.982862820319295,0.9860333333333333,0.9828,0.9860431223151036,0.9828039289310216
495,0.9869333333333333,0.9838,0.049199897795915604,0.04924914985895157,0.9869342448352184,0.983833832515879,0.9869333333333333,0.9838,0.9869302488501567,0.9837944620595653
496,0.98675,0.9835,0.049105674028396606,0.04960913211107254,0.9867473570585064,0.9835503297605915,0.98675,0.9835,0.9867444070869473,0.9834928851461368
497,0.9868,0.9831,0.04910345375537872,0.049037013202905655,0.9868003323519282,0.9831378652441443,0.9868,0.9831,0.986796592224436,0.9830900022378899
498,0.9860833333333333,0.9839,0.0511285699903965,0.049905870109796524,0.9861313877429454,0.9839755115966927,0.9860833333333333,0.9839,0.9860805298307304,0.9838998818964173
499,0.9861166666666666,0.9826,0.05041654407978058,0.05086256563663483,0.9861215393995962,0.9826689629853449,0.9861166666666666,0.9826,0.9861056274263319,0.9825882385954617
500,0.9871333333333333,0.9834,0.04882507398724556,0.04905568063259125,0.98713920990021,0.9834387315022685,0.9871333333333333,0.9834,0.9871324085335943,0.9833967025153982
501,0.9868833333333333,0.9836,0.048613108694553375,0.04840501770377159,0.9868820967297535,0.9836370549702504,0.9868833333333333,0.9836,0.9868798352719365,0.9835926367075556
502,0.9864,0.9828,0.04994167387485504,0.04901467636227608,0.9864302476935045,0.9828578757409817,0.9864,0.9828,0.9864005669991789,0.9827909156623463
503,0.9862333333333333,0.9834,0.05006951466202736,0.049004778265953064,0.9862733927947186,0.9834451529932309,0.9862333333333333,0.9834,0.9862393543412846,0.9833982112499352
504,0.9867833333333333,0.9833,0.049404338002204895,0.04927590861916542,0.986788134509019,0.983344468000401,0.9867833333333333,0.9833,0.9867776421506427,0.9832916065360477
505,0.9867666666666667,0.9831,0.049168266355991364,0.048912227153778076,0.9867797764413665,0.9831433741250662,0.9867666666666667,0.9831,0.9867647969796781,0.9830941324229542
506,0.98685,0.984,0.04873960092663765,0.048000458627939224,0.9868565710725086,0.9840399935415295,0.98685,0.984,0.9868487146584832,0.9839918528049489
507,0.9872,0.9838,0.0483756959438324,0.0490664504468441,0.9871966018648672,0.9838538356261046,0.9872,0.9838,0.987196463331679,0.9837946216022818
508,0.987,0.9839,0.04885450750589371,0.048626020550727844,0.9870020827461762,0.9839371865507966,0.987,0.9839,0.986994752109656,0.9838907551638506
509,0.9868833333333333,0.9836,0.048951711505651474,0.049295563250780106,0.9868844073244571,0.9836764189083426,0.9868833333333333,0.9836,0.9868747831504328,0.9835867314410927
510,0.9867666666666667,0.9843,0.04862961173057556,0.04817347973585129,0.9867758506106467,0.9843368956460957,0.9867666666666667,0.9843,0.9867631382502777,0.984295847295203
511,0.9868166666666667,0.9837,0.04912169650197029,0.04954370856285095,0.9868316098562794,0.9837616828394435,0.9868166666666667,0.9837,0.98681729326221,0.9836970008689999
512,0.98655,0.9835,0.04913626238703728,0.04811204969882965,0.9865788304825065,0.983526939679353,0.98655,0.9835,0.9865545848563786,0.9834984190279947
513,0.9861833333333333,0.9835,0.05047105625271797,0.049605097621679306,0.9862291093242156,0.9835415036477578,0.9861833333333333,0.9835,0.9861864713080217,0.9834966673199184
514,0.9869166666666667,0.9837,0.04844359681010246,0.04781092703342438,0.9869261698247743,0.9837258937447654,0.9869166666666667,0.9837,0.9869164561828015,0.98369475286007
515,0.9871166666666666,0.9839,0.048406362533569336,0.04879901185631752,0.9871183120472488,0.9839463096310196,0.9871166666666666,0.9839,0.9871114909839421,0.9838910439829371
516,0.98715,0.9836,0.048626769334077835,0.04863039776682854,0.9871678707084626,0.9836446569459609,0.98715,0.9836,0.9871514636012048,0.9835980821795288
517,0.98615,0.9833,0.05061184987425804,0.05193554610013962,0.9861699814592212,0.9833833674035719,0.98615,0.9833,0.9861366516333515,0.9832862850529708
518,0.98695,0.9835,0.04862246662378311,0.04838836193084717,0.9869691321779743,0.9835346438904077,0.98695,0.9835,0.9869509610904597,0.9834965660265443
519,0.9872333333333333,0.9839,0.04838774725794792,0.050040557980537415,0.9872366414752858,0.9839660191091644,0.9872333333333333,0.9839,0.9872303496539335,0.9838943423806328
520,0.9874666666666667,0.9842,0.04818994551897049,0.04787695035338402,0.9874714134873387,0.984242826962369,0.9874666666666667,0.9842,0.9874641196591115,0.9841962815853443
521,0.9874666666666667,0.9837,0.04799405485391617,0.04836432635784149,0.9874717897176798,0.9837456650905975,0.9874666666666667,0.9837,0.9874665660815459,0.9836947997496325
522,0.9875166666666667,0.9838,0.04764525592327118,0.048276156187057495,0.9875161304217501,0.983841965915862,0.9875166666666667,0.9838,0.9875152672896463,0.9837955245169876
523,0.98725,0.9838,0.0478285551071167,0.04759962856769562,0.9872550572906329,0.9838338703725785,0.98725,0.9838,0.9872488055496236,0.9837978482764882
524,0.9872166666666666,0.9839,0.04805200546979904,0.047850102186203,0.9872238496371204,0.983939365213607,0.9872166666666666,0.9839,0.9872156802975359,0.9838944846035245
525,0.9870166666666667,0.9838,0.048207178711891174,0.047994714230298996,0.9870215067148989,0.9838411038697888,0.9870166666666667,0.9838,0.9870099241719312,0.983792371817022
526,0.98705,0.9839,0.0481778159737587,0.047706831246614456,0.9870597944534145,0.983928090150893,0.98705,0.9839,0.9870472106446512,0.9838938044849338
527,0.9875166666666667,0.9843,0.047815319150686264,0.048200372606515884,0.9875255033073395,0.9843439910115062,0.9875166666666667,0.9843,0.987518211628868,0.9842972419181464
528,0.9860333333333333,0.9827,0.050327420234680176,0.050574999302625656,0.9860838394387482,0.9827668259651906,0.9860333333333333,0.9827,0.9860347087124011,0.9826973606642357
529,0.9877166666666667,0.984,0.04738347977399826,0.04838443174958229,0.9877120722322328,0.9840505969214497,0.9877166666666667,0.984,0.9877127701919964,0.9839941560014724
530,0.9866333333333334,0.9827,0.04855256900191307,0.04893343150615692,0.9866562097511021,0.9827554473755162,0.9866333333333334,0.9827,0.9866332646312869,0.9826959213538604
531,0.9874666666666667,0.9831,0.04785344749689102,0.04815737530589104,0.9874776092468484,0.9831591741662807,0.9874666666666667,0.9831,0.9874674950550079,0.9830969294753525
532,0.9875333333333334,0.9843,0.04732772335410118,0.047356750816106796,0.9875336443712858,0.9843394876502233,0.9875333333333334,0.9843,0.9875304327926523,0.9842964926493157
533,0.9875,0.9839,0.04744868725538254,0.048011183738708496,0.9874997325072975,0.9839480972838821,0.9875,0.9839,0.9874941702792279,0.9838926790004998
534,0.9875166666666667,0.9837,0.047958459705114365,0.04780653491616249,0.9875350514000771,0.9837349740116242,0.9875166666666667,0.9837,0.9875183185317506,0.9836934365076044
535,0.9874,0.9839,0.04803656041622162,0.048147737979888916,0.9874225225460198,0.983936009331572,0.9874,0.9839,0.9874044806091273,0.9838985415210887
536,0.98635,0.983,0.04968374967575073,0.05079390108585358,0.9863869985753587,0.9831055469079935,0.98635,0.983,0.986347815786635,0.9829940388169455
537,0.9868333333333333,0.9835,0.049245793372392654,0.047220539301633835,0.9868911021698755,0.9835246771628097,0.9868333333333333,0.9835,0.9868409484061794,0.9835003241596693
538,0.9875833333333334,0.984,0.04720915108919144,0.046977363526821136,0.9875843334124387,0.9840330328132135,0.9875833333333334,0.984,0.9875799270664553,0.9839949799411637
539,0.9871333333333333,0.9843,0.04838722199201584,0.04784339666366577,0.9871419792151906,0.9843358307492521,0.9871333333333333,0.9843,0.9871272188362239,0.9842909887548305
540,0.98775,0.984,0.04689683020114899,0.04747503250837326,0.9877473915761059,0.9840501257901069,0.98775,0.984,0.9877464305046335,0.9839931156914832
541,0.9862166666666666,0.9828,0.049994733184576035,0.049023471772670746,0.9863244024495925,0.9828586512898015,0.9862166666666666,0.9828,0.9862368286520249,0.9828042365465915
542,0.9874333333333334,0.9839,0.04738501459360123,0.048670604825019836,0.9874423390827736,0.9839553367041372,0.9874333333333334,0.9839,0.9874337779280892,0.9838957627104168
543,0.9875,0.984,0.04688762128353119,0.04693786799907684,0.987502105511463,0.9840392504873442,0.9875,0.984,0.9874977095559966,0.9839927696651574
544,0.9870333333333333,0.9843,0.048367541283369064,0.04832787439227104,0.9870595192657136,0.9843804199880635,0.9870333333333333,0.9843,0.9870341241844056,0.9842950838855846
545,0.9876833333333334,0.984,0.04676555469632149,0.04728631675243378,0.9876785203244584,0.9840524713166029,0.9876833333333334,0.984,0.987678487158694,0.9839937694948158
546,0.9877166666666667,0.9838,0.0471176877617836,0.04747451841831207,0.9877169529843671,0.9838549752289775,0.9877166666666667,0.9838,0.9877106237736427,0.9837881865594598
547,0.9862166666666666,0.9827,0.05030158534646034,0.05214071646332741,0.9862578364652961,0.982826096126825,0.9862166666666666,0.9827,0.9862126443462236,0.9826953386953493
548,0.9875166666666667,0.9843,0.047886185348033905,0.04713848978281021,0.9875373636649957,0.9843436962061703,0.9875166666666667,0.9843,0.987516331042294,0.9842983465305535
549,0.9876166666666667,0.9838,0.04681216925382614,0.04804571345448494,0.9876165850795037,0.9838595422196368,0.9876166666666667,0.9838,0.9876132971687276,0.9837925232312417
550,0.9880666666666666,0.9841,0.04687047377228737,0.047183647751808167,0.9880745044696295,0.9841501064433711,0.9880666666666666,0.9841,0.988068372524995,0.9840940949959457
551,0.9868,0.9836,0.0494893416762352,0.049911364912986755,0.9868657039686388,0.9837057572480062,0.9868,0.9836,0.9868083977227647,0.9836059876712199
552,0.9864333333333334,0.9836,0.05018007382750511,0.050785526633262634,0.986511160021653,0.9837305276945628,0.9864333333333334,0.9836,0.9864463653947049,0.9836034066495962
553,0.9878,0.9835,0.04677451401948929,0.048677824437618256,0.9877981808879573,0.9835734248523819,0.9878,0.9835,0.9877957808364513,0.9834922005657843
554,0.9879166666666667,0.9836,0.04651934280991554,0.046906936913728714,0.9879204980186528,0.9836403909693349,0.9879166666666667,0.9836,0.9879153926071068,0.9835950175882475
555,0.9872333333333333,0.9838,0.04801535978913307,0.04882954806089401,0.9872449028606838,0.9838479427416358,0.9872333333333333,0.9838,0.9872267673155688,0.9837875136628085
556,0.9878666666666667,0.9842,0.04625744745135307,0.04707227647304535,0.9878673439162072,0.9842384113000325,0.9878666666666667,0.9842,0.9878649303203835,0.9841942585495044
557,0.9879666666666667,0.9842,0.046418458223342896,0.04704748094081879,0.987965342067327,0.9842359375950273,0.9879666666666667,0.9842,0.9879618991548125,0.9841920991236133
558,0.98755,0.9839,0.04703255370259285,0.0475185289978981,0.9875575821663675,0.9839458654456011,0.98755,0.9839,0.987544495855582,0.9838889195770809
559,0.9875833333333334,0.9839,0.04707806929945946,0.04818851500749588,0.9875945764712989,0.9839381286462869,0.9875833333333334,0.9839,0.9875818534502359,0.9838977624993654
560,0.9878833333333333,0.9845,0.04650163650512695,0.04734492301940918,0.9878816295438516,0.9845407595382756,0.9878833333333333,0.9845,0.9878775181191155,0.9844938686043855
561,0.9876333333333334,0.9846,0.046842627227306366,0.04690691456198692,0.9876380679868123,0.9846384914336733,0.9876333333333334,0.9846,0.9876287896936631,0.9845948073027605
562,0.9878333333333333,0.984,0.04672390595078468,0.047415073961019516,0.987845997298599,0.9840377501289429,0.9878333333333333,0.984,0.9878343588330869,0.9840005378418889
563,0.9871166666666666,0.9855,0.04745295271277428,0.045919910073280334,0.987148107616292,0.985528943415538,0.9871166666666666,0.9855,0.9871166074305009,0.9854962632447652
564,0.9868333333333333,0.9835,0.04927938058972359,0.04960653558373451,0.9868856727777122,0.9835861838682175,0.9868333333333333,0.9835,0.9868418730630529,0.983507005557413
565,0.9878166666666667,0.9839,0.04599525406956673,0.04627081751823425,0.9878179386842628,0.9839355315422614,0.9878166666666667,0.9839,0.9878146455325664,0.9838941388239673
566,0.98815,0.9843,0.04589393734931946,0.046830423176288605,0.9881477430700335,0.9843468373316209,0.98815,0.9843,0.9881473942704749,0.9842944749944766
567,0.9876333333333334,0.9838,0.0463748537003994,0.046671148389577866,0.9876488012206112,0.983829710966678,0.9876333333333334,0.9838,0.9876338002966188,0.9837962675115363
568,0.9875833333333334,0.9838,0.04772140830755234,0.04891194403171539,0.9876111911753308,0.9838828498627142,0.9875833333333334,0.9838,0.9875804873566798,0.983788154804165
569,0.98775,0.9852,0.04652634635567665,0.04619207978248596,0.9877649720839843,0.9852280729336846,0.98775,0.9852,0.9877475675374752,0.9851953820657015
570,0.9880166666666667,0.9838,0.04582950100302696,0.046166300773620605,0.9880212673769803,0.9838419382469056,0.9880166666666667,0.9838,0.988015146988025,0.9837945270757374
571,0.9864666666666667,0.9836,0.05060195177793503,0.04918184131383896,0.9865474819591279,0.983713672633834,0.9864666666666667,0.9836,0.986464267513349,0.9835919395707591
572,0.9878166666666667,0.9833,0.04673706367611885,0.04868133366107941,0.9878234005066688,0.9833867846718658,0.9878166666666667,0.9833,0.9878146020268243,0.9832912260592371
573,0.988,0.9842,0.0457797609269619,0.04656979441642761,0.9880029255138935,0.9842440587530705,0.988,0.9842,0.9879977963834946,0.9841936942814112
574,0.9876,0.984,0.046848129481077194,0.046966541558504105,0.987605848752976,0.9840408525201652,0.9876,0.984,0.9875943907804149,0.9839881220482343
575,0.9881833333333333,0.9839,0.04551905021071434,0.04642406478524208,0.9881817309910178,0.9839404849971164,0.9881833333333333,0.9839,0.9881814672072099,0.9838936220831116
576,0.98805,0.9842,0.04566851630806923,0.046142738312482834,0.988048449146773,0.9842444022546363,0.98805,0.9842,0.9880460599084195,0.9841935347832765
577,0.9848333333333333,0.9815,0.05259963497519493,0.05451023578643799,0.9849818382759018,0.9817367990306166,0.9848333333333333,0.9815,0.984858833507025,0.9815240691912058
578,0.9858,0.9831,0.05194183811545372,0.05144185945391655,0.9859719151823634,0.9832324557968201,0.9858,0.9831,0.9858269515353741,0.9831146099309875
579,0.9881666666666666,0.9842,0.04535810649394989,0.046476516872644424,0.9881672009809748,0.9842476628353863,0.9881666666666666,0.9842,0.9881661189536919,0.9841936717995297
580,0.98845,0.9843,0.04567340388894081,0.046305444091558456,0.9884612255078673,0.984354266812484,0.98845,0.9843,0.9884513923473706,0.9842966997814488
581,0.9883,0.9842,0.04537726566195488,0.04675351828336716,0.9882971167945988,0.9842585167711574,0.9883,0.9842,0.9882967056778819,0.9841952515013492
582,0.9884666666666667,0.9845,0.04548858106136322,0.046441610902547836,0.9884705154458276,0.9845569569381419,0.9884666666666667,0.9845,0.9884650673711513,0.9844943401115259
583,0.9878833333333333,0.9843,0.045657332986593246,0.04574636369943619,0.9878867086492172,0.9843276242365677,0.9878833333333333,0.9843,0.9878786602370263,0.9842931214070079
584,0.9875,0.9835,0.047488629817962646,0.050472769886255264,0.9875281479539317,0.9836094747011134,0.9875,0.9835,0.9875012397919208,0.9834963968493685
585,0.9881333333333333,0.984,0.04566909000277519,0.04664323106408119,0.9881451577446373,0.9840403638332867,0.9881333333333333,0.984,0.9881347241107387,0.9840003824990691
586,0.98805,0.9836,0.04512602835893631,0.046027448028326035,0.9880519263750056,0.983640655259547,0.98805,0.9836,0.9880475870273969,0.9835927022054041
587,0.9879,0.9843,0.04571724683046341,0.04637603089213371,0.9879143713917454,0.9843385442200457,0.9879,0.9843,0.9879002000910921,0.9842955418474482
588,0.9882,0.9841,0.04574040696024895,0.046574439853429794,0.9882192736610459,0.9841409619044823,0.9882,0.9841,0.9882041375201357,0.9840966993292827
589,0.98835,0.9839,0.04497136175632477,0.04620836302638054,0.9883489697776001,0.9839546142938823,0.98835,0.9839,0.9883481941622743,0.9838924429781744
590,0.9885166666666667,0.984,0.045208875089883804,0.046391356736421585,0.9885179375928749,0.9840477574451013,0.9885166666666667,0.984,0.9885139686072878,0.9839938357134941
591,0.98835,0.9841,0.04510468244552612,0.045846980065107346,0.9883515736187257,0.9841422376755163,0.98835,0.9841,0.9883480155136561,0.9840959311403925
592,0.9882833333333333,0.9844,0.04512832313776016,0.045630037784576416,0.9882907460478823,0.9844300000313917,0.9882833333333333,0.9844,0.9882833025398912,0.9843953470448683
593,0.9881,0.984,0.04625152051448822,0.048170894384384155,0.9881085059420323,0.9840675845528827,0.9881,0.984,0.9880945685326167,0.9839878024316308
594,0.9883,0.9842,0.045930415391922,0.04800010472536087,0.9883067696717798,0.9842689921965648,0.9883,0.9842,0.9882949663950124,0.9841904524711217
595,0.98865,0.9844,0.04498886689543724,0.04614238813519478,0.988653824684167,0.9844562525615069,0.98865,0.9844,0.988649662041327,0.984392223718593
596,0.9879,0.9841,0.04622926563024521,0.04689492657780647,0.9879384981005104,0.9841625559587773,0.9879,0.9841,0.9879060299688855,0.9840964802287144
597,0.98825,0.9842,0.04529295489192009,0.046219099313020706,0.9882582435967115,0.9842508722620857,0.98825,0.9842,0.9882477211148903,0.9841974289166011
598,0.98805,0.9839,0.04575543478131294,0.047303494065999985,0.9880678567995251,0.9839521077145761,0.98805,0.9839,0.9880518066955903,0.9838943944366242
599,0.9884833333333334,0.9844,0.04458199441432953,0.04524601623415947,0.9884866543119475,0.9844325756432347,0.9884833333333334,0.9844,0.9884836440203769,0.9843953055272275
600,0.9882833333333333,0.9837,0.045357320457696915,0.04655555635690689,0.9882894644824398,0.9837664757587985,0.9882833333333333,0.9837,0.9882809158707827,0.9836920661450038
