epoch,accuracy_train,accuracy_test,loss_train,loss_test,precision_train,precision_test,recall_train,recall_test,f1_score_train,f1_score_test
1,0.5907833333333333,0.5911,2.2422571182250977,2.2415366172790527,0.6425384421089538,0.6452480661332994,0.6494622473845252,0.648989898989899,0.6011907002323885,0.6018898835521511
2,0.6048666666666667,0.6085,2.058974504470825,2.0555057525634766,0.6587792098487066,0.6622303580121363,0.6649443925319262,0.6680939833113746,0.6146188610393394,0.6176357552187058
3,0.6584,0.6654,1.304560899734497,1.2896077632904053,0.7434872782135457,0.7488372577470748,0.6584,0.6654,0.6180563346061066,0.6234904092006728
4,0.7550166666666667,0.7696,0.7634861469268799,0.737068772315979,0.8130965597036278,0.8262712307873812,0.7550166666666667,0.7696,0.7546188280697251,0.7696277244259808
5,0.8274833333333333,0.8378,0.5690193176269531,0.5468566417694092,0.8470507276632661,0.8552361321486862,0.8274833333333333,0.8378,0.8302310214803225,0.8405135647068585
6,0.8217666666666666,0.8345,0.5624452233314514,0.5320765376091003,0.8500300663436362,0.8602237362828294,0.8217666666666666,0.8345,0.8253156919974569,0.8374835379236367
7,0.86245,0.87,0.44371774792671204,0.4227040112018585,0.8713028658852825,0.8794145517952924,0.86245,0.87,0.8626608919082515,0.8701891367623102
8,0.8593166666666666,0.8626,0.44908812642097473,0.4335501492023468,0.8723774737984321,0.8757851861101772,0.8593166666666666,0.8626,0.8581186763407601,0.8613918603834867
9,0.8784166666666666,0.8831,0.40464553236961365,0.39249882102012634,0.8811752178388501,0.8858304886607257,0.8784166666666666,0.8831,0.8776504384781181,0.8826084130591113
10,0.85535,0.8649,0.4404752552509308,0.41423559188842773,0.8792503696747028,0.885839271526459,0.85535,0.8649,0.8582272354399225,0.8669780936654026
11,0.8864166666666666,0.8938,0.3781314194202423,0.3544311225414276,0.8917126223012155,0.8981867232603187,0.8864166666666666,0.8938,0.8867340366227516,0.8941404837325357
12,0.8924166666666666,0.8983,0.3616064190864563,0.34124812483787537,0.894364895649693,0.9001944932392593,0.8924166666666666,0.8983,0.8916541156505408,0.8977100989001269
13,0.8811666666666667,0.8869,0.39350026845932007,0.36814361810684204,0.8882741602215934,0.8932032773671504,0.8811666666666667,0.8869,0.8802998107912546,0.8862692592217892
14,0.8998833333333334,0.9038,0.3360302150249481,0.3233959376811981,0.9014350389927841,0.9057653632391098,0.8998833333333334,0.9038,0.8990722282439979,0.9031710540879326
15,0.9105833333333333,0.9154,0.3042876124382019,0.29060617089271545,0.9110152507404158,0.9160366047941796,0.9105833333333333,0.9154,0.9104501246923296,0.9152348304821207
16,0.89455,0.9021,0.3539879024028778,0.3336402475833893,0.9023116623252078,0.9090474131829771,0.89455,0.9021,0.8958080647211536,0.9031555429476495
17,0.8997,0.9054,0.3268067240715027,0.3057393729686737,0.9075652872736769,0.9130008964059249,0.8997,0.9054,0.9009366819938457,0.9065372428568804
18,0.9115,0.9144,0.304554283618927,0.2918703258037567,0.913301491164456,0.9161079882819486,0.9115,0.9144,0.911319735444447,0.9142240446502785
19,0.91725,0.9229,0.2831762731075287,0.26947715878486633,0.9180666748618329,0.9237483049145613,0.91725,0.9229,0.9170781628995814,0.9227621047849774
20,0.9152666666666667,0.9197,0.28277528285980225,0.26613089442253113,0.9176353288991285,0.9219260786425985,0.9152666666666667,0.9197,0.9147653625718337,0.9191221028098178
21,0.9165,0.919,0.28413769602775574,0.2680312991142273,0.9192571277127431,0.9217732432186078,0.9165,0.919,0.9165728070750332,0.9191451035454448
22,0.9101,0.9163,0.29195529222488403,0.2715659737586975,0.9180033216458507,0.923715280275663,0.9101,0.9163,0.9105997613338426,0.9166312405822807
23,0.9179833333333334,0.9227,0.2775222361087799,0.2636009454727173,0.9238698900885467,0.9273872541843555,0.9179833333333334,0.9227,0.9190976471044904,0.9235740841509987
24,0.9244833333333333,0.9275,0.2561347186565399,0.2452680468559265,0.9267167631652441,0.9302169882730137,0.9244833333333333,0.9275,0.9241727169398013,0.9271283951293852
25,0.9200333333333334,0.9248,0.2695472538471222,0.26164624094963074,0.9227341986565131,0.9273096007141594,0.9200333333333334,0.9248,0.9199870780440538,0.9245330705608555
26,0.93405,0.9386,0.22839394211769104,0.2127273976802826,0.9348671117172519,0.9392993549371382,0.93405,0.9386,0.934019590883988,0.9385958949528098
27,0.9360166666666667,0.94,0.22025765478610992,0.21378745138645172,0.9363248290120212,0.940606445019557,0.9360166666666667,0.94,0.9360018659696618,0.9399925906908017
28,0.9303666666666667,0.934,0.24383433163166046,0.23538994789123535,0.9334878912726057,0.9367463824079642,0.9303666666666667,0.934,0.9307161144503343,0.9341841601316366
29,0.9384833333333333,0.9423,0.2081759124994278,0.19293034076690674,0.9389347378828343,0.942783802129445,0.9384833333333333,0.9423,0.9384898051165398,0.9423227631359449
30,0.9322833333333334,0.9353,0.22926339507102966,0.21864448487758636,0.9349067609459288,0.9384206494806853,0.9322833333333334,0.9353,0.9321700467608154,0.935208628406153
31,0.9381333333333334,0.9423,0.21685442328453064,0.20630736649036407,0.9392004858473059,0.9435168064443358,0.9381333333333334,0.9423,0.9378660043203689,0.94216271286315
32,0.94235,0.9478,0.1994335949420929,0.18248501420021057,0.9431745995356464,0.9484949317556791,0.94235,0.9478,0.9425030544734333,0.947897506733614
33,0.9417333333333333,0.9449,0.20296978950500488,0.1882883608341217,0.9428946491855755,0.9459053058395317,0.9417333333333333,0.9449,0.9417328609224999,0.9449522919983181
34,0.9427666666666666,0.9474,0.1969287395477295,0.18478868901729584,0.9443679690186536,0.949074503125452,0.9427666666666666,0.9474,0.9430481327293915,0.947603177474485
35,0.9471,0.9524,0.1831780970096588,0.16511477530002594,0.9474954883435297,0.9528669342581454,0.9471,0.9524,0.947116216581075,0.9524339027601438
36,0.9435166666666667,0.946,0.1958741992712021,0.18231575191020966,0.9449682396672914,0.9477951520549507,0.9435166666666667,0.946,0.9436172960747686,0.946102268695873
37,0.9144333333333333,0.921,0.2877788841724396,0.2636014521121979,0.9255580126993497,0.9308159553829779,0.9144333333333333,0.921,0.9158143212462746,0.9222252329736442
38,0.9465833333333333,0.9528,0.1879696249961853,0.17068558931350708,0.9473751213348498,0.9533629699754523,0.9465833333333333,0.9528,0.946560858556258,0.9528073469404804
39,0.9496333333333333,0.9537,0.1771015226840973,0.1615995615720749,0.949992456941036,0.9540205837276193,0.9496333333333333,0.9537,0.9496787114512294,0.9536649041366377
40,0.9499,0.9536,0.17694289982318878,0.15980708599090576,0.9501201574959428,0.9539346538268674,0.9499,0.9536,0.9498640398730823,0.9535738892131738
41,0.9451,0.9483,0.1901927888393402,0.17272819578647614,0.9467847797317025,0.9497951095855997,0.9451,0.9483,0.9451496036874351,0.9482940467190752
42,0.9483833333333334,0.9532,0.18737941980361938,0.17407730221748352,0.9491600694028663,0.953904095167416,0.9483833333333334,0.9532,0.9482467162846537,0.9531506586100366
43,0.9522,0.9576,0.1688450127840042,0.15021157264709473,0.952584355855026,0.9581933121511658,0.9522,0.9576,0.9522367733974617,0.9576285023765274
44,0.955,0.9594,0.16154810786247253,0.14643818140029907,0.9550178361813647,0.9595313475727597,0.955,0.9594,0.9549776692144158,0.9593895676287453
45,0.9555666666666667,0.9601,0.16009925305843353,0.1445969045162201,0.9555457907260564,0.9602179054758062,0.9555666666666667,0.9601,0.9555266318246696,0.9600692848398467
46,0.9547,0.9576,0.1621701568365097,0.14747321605682373,0.9548290326120462,0.9578530726838526,0.9547,0.9576,0.9546823743888749,0.957580908815946
47,0.9558333333333333,0.959,0.16004227101802826,0.145074725151062,0.9558286487658146,0.959102527141262,0.9558333333333333,0.959,0.9558110332588194,0.958980207520256
48,0.9560166666666666,0.9615,0.15876226127147675,0.1406244933605194,0.9560072711499555,0.961568196629604,0.9560166666666666,0.9615,0.9560004700397042,0.9614829009647725
49,0.9553333333333334,0.9602,0.1629216969013214,0.1468566209077835,0.9554502080252428,0.9604769507117866,0.9553333333333334,0.9602,0.9552779443153928,0.9601846185604549
50,0.9555,0.9598,0.16008949279785156,0.1417136788368225,0.9557638123900741,0.9600871965154752,0.9555,0.9598,0.9555539522013821,0.9598325703845169
51,0.9559333333333333,0.959,0.15858471393585205,0.14455969631671906,0.9560451904924673,0.9591792434710007,0.9559333333333333,0.959,0.9559595840626857,0.9589914038263525
52,0.95625,0.9605,0.15888532996177673,0.14460745453834534,0.9562915273472161,0.9607804450456758,0.95625,0.9605,0.9562171056213716,0.9604957281459782
53,0.9569833333333333,0.9615,0.15665726363658905,0.14222872257232666,0.9569783177835177,0.9616633756629067,0.9569833333333333,0.9615,0.9569651249785112,0.961484677694882
54,0.95685,0.9611,0.1561860889196396,0.1404770016670227,0.9569132371858882,0.9612782985532309,0.95685,0.9611,0.9568650838333546,0.9611054059339622
55,0.9565833333333333,0.9605,0.15814021229743958,0.14384092390537262,0.9566479204512959,0.9607295140202741,0.9565833333333333,0.9605,0.956572660169284,0.9604918832713666
56,0.95665,0.9599,0.1572127491235733,0.1422492265701294,0.9566921577898226,0.9600086701591023,0.95665,0.9599,0.9566161214474562,0.9598788115662923
57,0.9572333333333334,0.9619,0.1547635942697525,0.13967253267765045,0.9572118843282114,0.9620142474170496,0.9572333333333334,0.9619,0.9572070165307581,0.9618850039979454
58,0.9568666666666666,0.9602,0.15572622418403625,0.1408187597990036,0.9569365425470504,0.9603278620424531,0.9568666666666666,0.9602,0.9568676709035688,0.9601839009178631
59,0.9570333333333333,0.9604,0.15438605844974518,0.13835696876049042,0.957073283712495,0.9605540546955761,0.9570333333333333,0.9604,0.9570308373250127,0.9603923782366098
60,0.9574833333333334,0.9614,0.15283237397670746,0.13820013403892517,0.9575005624062969,0.9615473157659351,0.9574833333333334,0.9614,0.9574857340912439,0.9613953172458083
61,0.9573166666666667,0.9608,0.15403786301612854,0.1378830075263977,0.9573330688614325,0.9609428531518707,0.9573166666666667,0.9608,0.9572973444991203,0.9607853510028938
62,0.95725,0.9612,0.15377944707870483,0.13646923005580902,0.9572010008745512,0.9612317521192972,0.95725,0.9612,0.957189431328505,0.9611565782147542
63,0.9564833333333334,0.9598,0.15482385456562042,0.14075064659118652,0.9566913580447696,0.9600803740821515,0.9564833333333334,0.9598,0.9565377406372015,0.9598209382612409
64,0.9572333333333334,0.9604,0.1532154083251953,0.1392870545387268,0.9573188383587381,0.9605855801522408,0.9572333333333334,0.9604,0.9572505368756848,0.96040450958051
65,0.95765,0.9602,0.15237458050251007,0.13677836954593658,0.9576824011096567,0.9602841903378225,0.95765,0.9602,0.9576378736964077,0.9601841575372766
66,0.95775,0.9609,0.15282759070396423,0.1387689858675003,0.9577878267948763,0.9610532834555079,0.95775,0.9609,0.9577456856600771,0.9608925489974827
67,0.9578166666666666,0.9598,0.15229538083076477,0.13778597116470337,0.9579254071628486,0.9599573944290396,0.9578166666666666,0.9598,0.9578258780161071,0.9597954177365471
68,0.9582166666666667,0.9606,0.151537224650383,0.13566488027572632,0.9582793906588549,0.9607152615473727,0.9582166666666667,0.9606,0.9582122677217042,0.9605964339301192
69,0.9575666666666667,0.9603,0.15166038274765015,0.13670118153095245,0.9577163578997286,0.9606408040912525,0.9575666666666667,0.9603,0.9576064963024432,0.960323300935301
70,0.9578166666666666,0.9608,0.15157006680965424,0.1368565708398819,0.9579751422041494,0.9610673718730235,0.9578166666666666,0.9608,0.9578568400959274,0.9608092727914876
71,0.9579333333333333,0.9631,0.1506544053554535,0.13203123211860657,0.9579726766672471,0.9631510123324719,0.9579333333333333,0.9631,0.9579286764558567,0.9630856632400888
72,0.9566166666666667,0.9611,0.15536987781524658,0.14005406200885773,0.9568406825066,0.9613794134901896,0.9566166666666667,0.9611,0.9566328889401536,0.9610928067896344
73,0.9590166666666666,0.9618,0.14928792417049408,0.13593736290931702,0.9590075828969822,0.9619301842074008,0.9590166666666666,0.9618,0.9589937184881415,0.9617786764174733
74,0.9588833333333333,0.9604,0.14928770065307617,0.1342540681362152,0.9589410995892219,0.9605483534898401,0.9588833333333333,0.9604,0.958881180976785,0.960393496810501
75,0.9587166666666667,0.961,0.1495809257030487,0.13541653752326965,0.9587566376097347,0.9611640040180272,0.9587166666666667,0.961,0.9587034107221835,0.9609881782484474
76,0.9581666666666667,0.9597,0.15177501738071442,0.13844406604766846,0.9583804611990651,0.9599501039154322,0.9581666666666667,0.9597,0.9582041452760995,0.9597010668070701
77,0.9584833333333334,0.9626,0.14957274496555328,0.1344641149044037,0.9585835318757898,0.9627672354868,0.9584833333333334,0.9626,0.9585134740500748,0.9626100498955077
78,0.95905,0.9632,0.14851635694503784,0.13229095935821533,0.9590766782811179,0.9632776306543598,0.95905,0.9632,0.959047900151434,0.9631823911342426
79,0.9590166666666666,0.9639,0.14855998754501343,0.1319180130958557,0.9590571060081907,0.9640664926189827,0.9590166666666666,0.9639,0.9590042725317949,0.963897842384017
80,0.9590666666666666,0.9613,0.14952383935451508,0.13452017307281494,0.9591745350139228,0.9614531734091676,0.9590666666666666,0.9613,0.9590744841753154,0.9612991844057744
81,0.9592333333333334,0.9625,0.1473701149225235,0.13182543218135834,0.959234040771717,0.9625931808655313,0.9592333333333334,0.9625,0.9592185486644609,0.9624888918209825
82,0.95965,0.963,0.1466577798128128,0.1315620094537735,0.9596583503670525,0.9631240743294102,0.95965,0.963,0.9596471910924879,0.9629967359626047
83,0.95865,0.9624,0.15063735842704773,0.13687777519226074,0.9587100803886409,0.9625905843281979,0.95865,0.9624,0.958609470107225,0.9623849230457042
84,0.9596833333333333,0.9615,0.14790524542331696,0.13338454067707062,0.9597845726281806,0.9616287252658081,0.9596833333333333,0.9615,0.9596983049912902,0.9614961371029341
85,0.9589166666666666,0.9628,0.1481299102306366,0.13209368288516998,0.9590724974887939,0.962952565171419,0.9589166666666666,0.9628,0.958951785655115,0.9628088362598157
86,0.95995,0.9628,0.1460399627685547,0.13155291974544525,0.9599661959010086,0.9629252110473441,0.95995,0.9628,0.9599485995370042,0.9627894524988129
87,0.9597333333333333,0.963,0.14777368307113647,0.1329350620508194,0.9597347058249085,0.9631319225994377,0.9597333333333333,0.963,0.9597057532335056,0.9629913055726874
88,0.9597666666666667,0.9614,0.14744780957698822,0.13502702116966248,0.9598073167365206,0.9615429328058315,0.9597666666666667,0.9614,0.959742867998623,0.9613837384148899
89,0.9600833333333333,0.9643,0.1459018886089325,0.13143029808998108,0.9600618436164977,0.9644254468894251,0.9600833333333333,0.9643,0.9600610329377934,0.9642806672356493
90,0.9599166666666666,0.9639,0.14829225838184357,0.13352526724338531,0.9600035656938383,0.964138973407332,0.9599166666666666,0.9639,0.9599198189849104,0.9639007248171998
91,0.9600833333333333,0.9644,0.14602535963058472,0.12751609086990356,0.9601003030679397,0.964419955298873,0.9600833333333333,0.9644,0.9600750356489693,0.9643853530639044
92,0.9593333333333334,0.9629,0.14694476127624512,0.13158906996250153,0.9593907481144388,0.9630898240844428,0.9593333333333334,0.9629,0.9593137225391093,0.9628816949023923
93,0.9604666666666667,0.9644,0.1455344408750534,0.13156931102275848,0.9604549670922485,0.9645725941587465,0.9604666666666667,0.9644,0.9604464901960714,0.9643914003982843
94,0.9603,0.9644,0.14620164036750793,0.1300937980413437,0.9603277740172087,0.9644969252332143,0.9603,0.9644,0.9602893174540513,0.9643891666615602
95,0.9602666666666667,0.9648,0.14506927132606506,0.12837053835391998,0.9603016244543129,0.9648781390464024,0.9602666666666667,0.9648,0.9602731862576361,0.9647965616338547
96,0.9599,0.9635,0.14750608801841736,0.1325019747018814,0.9600374801927324,0.9636689288573614,0.9599,0.9635,0.9599232844184865,0.96351292557
97,0.9595166666666667,0.9635,0.14784978330135345,0.13472460210323334,0.9596614475674415,0.9637280888631024,0.9595166666666667,0.9635,0.9595137186375119,0.9634894493145244
98,0.9604666666666667,0.9631,0.14606072008609772,0.12965600192546844,0.960556246374519,0.9632223057537466,0.9604666666666667,0.9631,0.9604679807970954,0.9630971770438835
99,0.9608,0.9648,0.14471521973609924,0.12820017337799072,0.9608385534661762,0.964902822116139,0.9608,0.9648,0.9607890621031925,0.9647911869335573
100,0.96065,0.9635,0.1448122262954712,0.1319310963153839,0.9606493565601663,0.9636726348411722,0.96065,0.9635,0.9606186575676718,0.9634812686430138
101,0.9604333333333334,0.9646,0.1436757594347,0.12709836661815643,0.9604267566510548,0.9646335753668671,0.9604333333333334,0.9646,0.9604112576760141,0.9645763512346893
102,0.96085,0.9644,0.14461693167686462,0.13120928406715393,0.960884442955971,0.9646431911250093,0.96085,0.9644,0.9608361640467473,0.9643980391557754
103,0.9599333333333333,0.9631,0.14678622782230377,0.13067421317100525,0.9600731180483247,0.9632509687277994,0.9599333333333333,0.9631,0.959923045420345,0.9630780285839718
104,0.9595,0.9616,0.146293506026268,0.1314324289560318,0.9598378142295175,0.9619005876760535,0.9595,0.9616,0.959560513265794,0.9616235028937333
105,0.9608,0.9641,0.14526906609535217,0.13097909092903137,0.9609739384658741,0.9645008698698267,0.9608,0.9641,0.9607988615265771,0.964107185629016
106,0.9599333333333333,0.9637,0.1480981707572937,0.13128389418125153,0.9600592449358853,0.9638775529418888,0.9599333333333333,0.9637,0.9598648864070587,0.9636685885589455
107,0.9608166666666667,0.9643,0.14338423311710358,0.1275090128183365,0.9608308941585854,0.9644013425260353,0.9608166666666667,0.9643,0.9607806861159344,0.9642713231274922
108,0.96095,0.9632,0.14422976970672607,0.13048359751701355,0.9610327494201907,0.9633719035199396,0.96095,0.9632,0.9609565955921314,0.9631978641418937
109,0.9613166666666667,0.9655,0.14212526381015778,0.12569189071655273,0.961299920268405,0.9655711173129832,0.9613166666666667,0.9655,0.9612757322639176,0.9654729157644241
110,0.9615166666666667,0.9659,0.14172790944576263,0.12677001953125,0.9615601331322119,0.9660421902059195,0.9615166666666667,0.9659,0.9615109240415987,0.9658941361911871
111,0.9614833333333334,0.9649,0.14158011972904205,0.1248689666390419,0.9614861859537918,0.9649482786041744,0.9614833333333334,0.9649,0.9614642703027928,0.9648841373652989
112,0.96175,0.9652,0.14203490316867828,0.12667344510555267,0.9617700807334655,0.9653640035027913,0.96175,0.9652,0.9617363628017127,0.9652056348562535
113,0.9619333333333333,0.9645,0.1412031203508377,0.12603165209293365,0.9619776904984617,0.9645890228688663,0.9619333333333333,0.9645,0.9619278986218198,0.9644924458583906
114,0.9617333333333333,0.9644,0.14095216989517212,0.12599001824855804,0.9618344805849092,0.9645812677497739,0.9617333333333333,0.9644,0.9617562717177607,0.9644137327230444
115,0.9617333333333333,0.9661,0.1419474482536316,0.12581029534339905,0.9618394487960303,0.9663073159875697,0.9617333333333333,0.9661,0.9617380157882172,0.966114761902002
116,0.96065,0.9629,0.14309972524642944,0.12987005710601807,0.9609267275176333,0.9631748986291248,0.96065,0.9629,0.9607042565238029,0.9629180408032219
117,0.9614833333333334,0.9652,0.14224258065223694,0.12877054512500763,0.9615790036715446,0.9655226629544679,0.9614833333333334,0.9652,0.9614654768444922,0.9651963963479986
118,0.9624833333333334,0.9656,0.1398690640926361,0.1251453161239624,0.9625218530027019,0.9657171089600577,0.9624833333333334,0.9656,0.9624848073693939,0.9655987765241343
119,0.9616833333333333,0.9668,0.14012421667575836,0.12356909364461899,0.9617123269735915,0.9669165535772632,0.9616833333333333,0.9668,0.9616608469404283,0.9667935163651835
120,0.9624833333333334,0.9655,0.14060428738594055,0.12641969323158264,0.9625673170182071,0.9656835310471457,0.9624833333333334,0.9655,0.9624947795068096,0.9655017675279247
121,0.9624,0.9659,0.13974568247795105,0.12495283037424088,0.962403925183924,0.9660515979426864,0.9624,0.9659,0.9623722797641786,0.9658854420198885
122,0.9618333333333333,0.9656,0.1418701708316803,0.12815546989440918,0.9619436569500295,0.9658391383094795,0.9618333333333333,0.9656,0.9618469733325579,0.9656054658653822
123,0.9628666666666666,0.9648,0.13985490798950195,0.12588828802108765,0.962883056077527,0.964927699304662,0.9628666666666666,0.9648,0.962853405743168,0.9647977944707047
124,0.9613333333333334,0.9649,0.1435709148645401,0.12490402907133102,0.9615058653085239,0.9650047703940203,0.9613333333333334,0.9649,0.9613322858017417,0.9648913228991298
125,0.9620166666666666,0.9661,0.13923139870166779,0.121831014752388,0.9620856011607204,0.9661590997412218,0.9620166666666666,0.9661,0.9620157454774606,0.9660872975705866
126,0.9620666666666666,0.966,0.14146286249160767,0.1252276450395584,0.9622094834495379,0.9662828174718843,0.9620666666666666,0.966,0.9620765768913437,0.9660202567726854
127,0.9624,0.9664,0.13960134983062744,0.12288791686296463,0.9624334544231333,0.9665473834934454,0.9624,0.9664,0.9623847078357414,0.9664039076191415
128,0.9628833333333333,0.9654,0.13893650472164154,0.12366452813148499,0.9629236828254694,0.9655077812344048,0.9628833333333333,0.9654,0.9628822682046606,0.9653957914140632
129,0.9618333333333333,0.9659,0.1402924358844757,0.1252996176481247,0.9619275938090427,0.966079942931119,0.9618333333333333,0.9659,0.9618504631346035,0.9659108912690024
130,0.9629833333333333,0.9661,0.13892365992069244,0.12376805394887924,0.9629744873794764,0.966178068608719,0.9629833333333333,0.9661,0.9629441190072036,0.9660702129127907
131,0.9630833333333333,0.965,0.13879626989364624,0.12518112361431122,0.9631084192915241,0.9651154753377735,0.9630833333333333,0.965,0.9630823729743263,0.9649967370670118
132,0.9633666666666667,0.9657,0.13869532942771912,0.12364710867404938,0.963393101834973,0.9658112360067971,0.9633666666666667,0.9657,0.9633542619501049,0.9656932540321733
133,0.96295,0.967,0.1380123645067215,0.12179084122180939,0.9629333585123667,0.9670782446116809,0.96295,0.967,0.9629260879870448,0.9669854346799207
134,0.96275,0.9657,0.139998197555542,0.12481364607810974,0.962843157223598,0.965961728354322,0.96275,0.9657,0.9627495665388089,0.9657055036247278
135,0.9625166666666667,0.9671,0.13913241028785706,0.12320974469184875,0.9625154709240638,0.9672198679554135,0.9625166666666667,0.9671,0.9624655896383651,0.9670744657195495
136,0.9636166666666667,0.9666,0.13846930861473083,0.12309123575687408,0.9636479838332344,0.9667422745737143,0.9636166666666667,0.9666,0.9635904419906309,0.9665932653499767
137,0.9628666666666666,0.9662,0.1385963410139084,0.12585367262363434,0.962889536565739,0.9663927470543695,0.9628666666666666,0.9662,0.9628484187410906,0.9661982698877908
138,0.9623,0.9655,0.13993458449840546,0.12241097539663315,0.9624582202798444,0.9655760876403785,0.9623,0.9655,0.9623103607924899,0.9654892856189566
139,0.9631666666666666,0.9672,0.1383390724658966,0.12194690108299255,0.9632894238280656,0.9672918757022577,0.9631666666666666,0.9672,0.9631955182900009,0.9672066951128054
140,0.9636333333333333,0.9668,0.13701634109020233,0.12208829075098038,0.9636610383433807,0.966887481461733,0.9636333333333333,0.9668,0.9636303031691192,0.9667951551597096
141,0.96255,0.9666,0.13874422013759613,0.12084513902664185,0.9626195585619722,0.966689100906122,0.96255,0.9666,0.9625443931158412,0.9665935959785056
142,0.9629666666666666,0.9662,0.1384420543909073,0.12381098419427872,0.962989883559158,0.9662830421823281,0.9629666666666666,0.9662,0.9629512409663039,0.9661798460415688
143,0.9637,0.9666,0.13676321506500244,0.12294832617044449,0.9636714186384202,0.9667032716141221,0.9637,0.9666,0.963652520987155,0.9665780074569645
144,0.96385,0.9669,0.13580536842346191,0.12120676040649414,0.9638530846420912,0.9669701143128526,0.96385,0.9669,0.9638389331010037,0.9668898298274248
145,0.9634,0.9669,0.13828204572200775,0.1207745224237442,0.9634461586665632,0.9670178814426618,0.9634,0.9669,0.9633797662955987,0.9668815734559238
146,0.9634833333333334,0.9664,0.13690410554409027,0.1209326907992363,0.9635465239672604,0.9664638908735824,0.9634833333333334,0.9664,0.963484302148805,0.9663900234167137
147,0.9635666666666667,0.9657,0.13643482327461243,0.12275485694408417,0.9636354760112844,0.9658436865805327,0.9635666666666667,0.9657,0.9635738506567934,0.965696250368222
148,0.9639333333333333,0.9659,0.13706760108470917,0.12497763335704803,0.9639958395100213,0.9660716938524054,0.9639333333333333,0.9659,0.963936041425963,0.9658969713264958
149,0.9639333333333333,0.9669,0.13634708523750305,0.12301778793334961,0.9639557539923174,0.9670265427859542,0.9639333333333333,0.9669,0.9639206324644137,0.9668909162398742
150,0.9641166666666666,0.9682,0.13393712043762207,0.11917094886302948,0.96409280581267,0.9682502298197496,0.9641166666666666,0.9682,0.9640981016623329,0.9681851747015596
151,0.963,0.9667,0.13764259219169617,0.11892174184322357,0.9632227325540555,0.966785826048923,0.963,0.9667,0.9630363115847305,0.9666949055408459
152,0.9643166666666667,0.9684,0.13404138386249542,0.118507020175457,0.9643029617242351,0.9684493418000835,0.9643166666666667,0.9684,0.9643032125811993,0.9683862099389015
153,0.9640166666666666,0.9668,0.1362989842891693,0.12259023636579514,0.9640483137984535,0.9668942144246198,0.9640166666666666,0.9668,0.9640003103437816,0.966788148369017
154,0.9644666666666667,0.9682,0.13403649628162384,0.12019789963960648,0.9644709059704492,0.96830538312396,0.9644666666666667,0.9682,0.9644561447489525,0.9681940419391379
155,0.9638166666666667,0.9668,0.13715216517448425,0.12457013130187988,0.9639367984788907,0.9670992302231248,0.9638166666666667,0.9668,0.9638246926874299,0.9668098931797474
156,0.9642333333333334,0.9667,0.13648182153701782,0.12468088418245316,0.9642655689301635,0.9668627072822698,0.9642333333333334,0.9667,0.9642172519670384,0.9666975742458992
157,0.9644666666666667,0.9676,0.13455379009246826,0.12038641422986984,0.9645043631316791,0.9677225052537064,0.9644666666666667,0.9676,0.9644682335492883,0.9675987189950712
158,0.96425,0.9662,0.13503649830818176,0.1225435808300972,0.9642737409704046,0.9663542918867395,0.96425,0.9662,0.9642304191833726,0.9661786920799248
159,0.9641166666666666,0.9663,0.13548490405082703,0.12103361636400223,0.9641971087038628,0.9664328031660947,0.9641166666666666,0.9663,0.9641179735788149,0.9662938046756441
160,0.9641666666666666,0.9662,0.13515456020832062,0.12178540229797363,0.9642056869300508,0.9663535171013741,0.9641666666666666,0.9662,0.9641555029063755,0.9661797003399107
161,0.9640333333333333,0.9687,0.13608872890472412,0.12239301949739456,0.9640707601816348,0.968840880478834,0.9640333333333333,0.9687,0.9640052250765204,0.9686808762034469
162,0.9647333333333333,0.9672,0.13424472510814667,0.12081290036439896,0.9648137985198366,0.9674224973744171,0.9647333333333333,0.9672,0.9647451877238457,0.9672074578230638
163,0.9645666666666667,0.9685,0.13387775421142578,0.11784794926643372,0.9645776950725022,0.9685843700642374,0.9645666666666667,0.9685,0.9645539701157412,0.9684939203716664
164,0.9642333333333334,0.9682,0.13340526819229126,0.11867574602365494,0.9642601021425861,0.9683175358062248,0.9642333333333334,0.9682,0.9642354643759762,0.9682040807513764
165,0.9645,0.9666,0.13387198746204376,0.11823239922523499,0.9645531002517687,0.9666892881108499,0.9645,0.9666,0.964486577283241,0.9665784583916491
166,0.9646833333333333,0.9679,0.13291005790233612,0.11842740327119827,0.9647303075048206,0.9680177519092679,0.9646833333333333,0.9679,0.964692124961035,0.9679040171364673
167,0.9646,0.968,0.1353226602077484,0.12005776166915894,0.9646168589862079,0.968128981434382,0.9646,0.968,0.96456364444504,0.9679863222044951
168,0.9642,0.9685,0.1362263411283493,0.12214323878288269,0.9642630866432231,0.9686760156255321,0.9642,0.9685,0.9641898986506275,0.9684910160161666
169,0.9650333333333333,0.9681,0.1341380476951599,0.12015865743160248,0.9650238583281355,0.9682137561374772,0.9650333333333333,0.9681,0.9650109786096986,0.9680923840787408
170,0.9636833333333333,0.9665,0.13547080755233765,0.1191977933049202,0.9639208713603621,0.9666527034950452,0.9636833333333333,0.9665,0.9637269925595862,0.9665086826530789
171,0.9642666666666667,0.9677,0.13428287208080292,0.11911839246749878,0.9643543404468454,0.9677817040658129,0.9642666666666667,0.9677,0.9642783393040639,0.9676944305984693
172,0.9633,0.9677,0.1363179087638855,0.12102432548999786,0.9635479417882178,0.9678924422915105,0.9633,0.9677,0.9633469686600447,0.9677078985912886
173,0.9643833333333334,0.9677,0.13255514204502106,0.11663154512643814,0.9645105748023366,0.9677838782830247,0.9643833333333334,0.9677,0.9644089880257467,0.96770037262734
174,0.96495,0.9684,0.1320531815290451,0.11558264493942261,0.9649911916740999,0.9684810741813706,0.96495,0.9684,0.9649544003457304,0.9683903706631977
175,0.9652833333333334,0.9676,0.13204587996006012,0.11714042723178864,0.9652916180924102,0.9676773497807084,0.9652833333333334,0.9676,0.9652766933721739,0.9675920040426061
176,0.9653666666666667,0.968,0.13324716687202454,0.11962699145078659,0.9653737022741594,0.9681615084891344,0.9653666666666667,0.968,0.9653468910667512,0.9680042157170484
177,0.9653833333333334,0.9682,0.13216082751750946,0.11843319982290268,0.9654114591369746,0.9682935374432254,0.9653833333333334,0.9682,0.9653835928927934,0.9681954365274509
178,0.965,0.9684,0.13297680020332336,0.1195446029305458,0.9650377267457015,0.9685387540578051,0.965,0.9684,0.9650010630434236,0.9684078171410782
179,0.9651166666666666,0.9694,0.13303755223751068,0.11567305773496628,0.9651290540620093,0.969433612083588,0.9651166666666666,0.9694,0.9650999280347098,0.9693832211625529
180,0.9652666666666667,0.9687,0.1337890625,0.11663995683193207,0.9653248752724702,0.9688212700518616,0.9652666666666667,0.9687,0.9652648405190424,0.968703426469405
181,0.96535,0.9684,0.1323954164981842,0.11640516668558121,0.9653323147234711,0.9684491873684031,0.96535,0.9684,0.9653240383501677,0.968383175620575
182,0.9650833333333333,0.9688,0.132587730884552,0.11755575984716415,0.9651306386846891,0.9688699099813143,0.9650833333333333,0.9688,0.9650865169863222,0.9687917407654298
183,0.9656166666666667,0.9692,0.1322757452726364,0.11628910899162292,0.965606299160615,0.9692508251819032,0.9656166666666667,0.9692,0.9655910783117546,0.9691777613292788
184,0.9652333333333334,0.968,0.13244423270225525,0.11748045682907104,0.9652986929306681,0.9680901385469224,0.9652333333333334,0.968,0.9652433724830506,0.9679970395011187
185,0.9657666666666667,0.969,0.13130931556224823,0.11643006652593613,0.9657933729026265,0.9690811832389263,0.9657666666666667,0.969,0.9657724478787019,0.9690013136386327
186,0.9649,0.9674,0.13273340463638306,0.11826297640800476,0.9650071618102944,0.9675135330272456,0.9649,0.9674,0.9649147899339915,0.9673930582202543
187,0.9653666666666667,0.9683,0.13350968062877655,0.12015390396118164,0.9653893891169621,0.968467553578982,0.9653666666666667,0.9683,0.9653427956483823,0.9682817017732983
188,0.9656333333333333,0.969,0.13169154524803162,0.11700908094644547,0.9656607325848914,0.9691002033665224,0.9656333333333333,0.969,0.9656337051770697,0.9690030025373735
189,0.9657833333333333,0.9678,0.1310257911682129,0.11730712652206421,0.9658364720000961,0.967896546735439,0.9657833333333333,0.9678,0.9657915647577523,0.9677986309144652
190,0.966,0.9684,0.1313169151544571,0.11719828844070435,0.9660208027787216,0.968491042130845,0.966,0.9684,0.965992387594301,0.9684000948535265
191,0.9655333333333334,0.9701,0.13083595037460327,0.11454134434461594,0.965516117646486,0.9701304473388518,0.9655333333333334,0.9701,0.9655129548427296,0.9700809022067964
192,0.9662333333333334,0.9699,0.13073061406612396,0.11658016592264175,0.9662322209000621,0.9699740414849062,0.9662333333333334,0.9699,0.9662211860956047,0.9698844246284207
193,0.96525,0.9685,0.13224564492702484,0.11738389730453491,0.9653130449280701,0.9685715728391197,0.96525,0.9685,0.965251363070299,0.9684840716564271
194,0.9654333333333334,0.9665,0.13335204124450684,0.12094780057668686,0.9654911922104829,0.9666579100721455,0.9654333333333334,0.9665,0.9654136445856657,0.9664853096251456
195,0.9658333333333333,0.9684,0.13312016427516937,0.12155065685510635,0.9658415147576188,0.9685164855693541,0.9658333333333333,0.9684,0.9658077941961504,0.9683801458969389
196,0.9652,0.9685,0.1320110410451889,0.11893457174301147,0.9652412093863943,0.9685976274697299,0.9652,0.9685,0.9651909417306542,0.9684831403083888
197,0.9660166666666666,0.9693,0.13160920143127441,0.11909063905477524,0.9660509956407737,0.9694120229185299,0.9660166666666666,0.9693,0.9660024585667465,0.969288746030679
198,0.9658333333333333,0.9684,0.13133765757083893,0.11934356391429901,0.9658480624569867,0.9684887893971783,0.9658333333333333,0.9684,0.9658220897789793,0.9683802493366981
199,0.9657833333333333,0.9687,0.1308498978614807,0.11658702045679092,0.9657704081915043,0.9687157611341005,0.9657833333333333,0.9687,0.9657535897445274,0.9686672134098482
200,0.9652833333333334,0.9686,0.13175515830516815,0.11611852794885635,0.9653599162621891,0.9686785198253883,0.9652833333333334,0.9686,0.9652833166656724,0.9685937375339654
201,0.9662166666666666,0.9699,0.12997819483280182,0.11570116132497787,0.9662451622819749,0.9699485467003258,0.9662166666666666,0.9699,0.9662166664175809,0.9698953540901332
202,0.9656666666666667,0.9694,0.13307715952396393,0.11776584386825562,0.9657120369921589,0.9694848882678437,0.9656666666666667,0.9694,0.9656413581551933,0.9693776495723121
203,0.9661833333333333,0.9695,0.13012123107910156,0.11498194932937622,0.966194169306037,0.9695731314290795,0.9661833333333333,0.9695,0.9661830353482352,0.9694977880331187
204,0.9658333333333333,0.9689,0.1315288245677948,0.11618133634328842,0.9658699700976315,0.9689762192058184,0.9658333333333333,0.9689,0.9658303955590267,0.9688885800004259
205,0.96645,0.9702,0.1305021196603775,0.1161126121878624,0.9664358005235809,0.9702549384279952,0.96645,0.9702,0.9664365115447926,0.9701899797328599
206,0.9654,0.9693,0.13102440536022186,0.11449650675058365,0.9654835464737711,0.9693616088376177,0.9654,0.9693,0.9654166603016984,0.9692911256675001
207,0.9661833333333333,0.9692,0.13082334399223328,0.11543545126914978,0.9662154164051859,0.969292503907619,0.9661833333333333,0.9692,0.9661863494047422,0.9692010328248128
208,0.9662666666666667,0.9703,0.13112464547157288,0.11502639204263687,0.9663535694030242,0.9704412356031021,0.9662666666666667,0.9703,0.9662761816358869,0.9703071822118056
209,0.9657,0.9695,0.1310088336467743,0.11585159599781036,0.9657239456949221,0.9695341616803306,0.9657,0.9695,0.9656817893183419,0.969473849975536
210,0.9664,0.9696,0.13013361394405365,0.11663443595170975,0.9663943088614416,0.9696450949359036,0.9664,0.9696,0.9663796154933916,0.9695762683267894
211,0.9659666666666666,0.9695,0.1333092302083969,0.11858700215816498,0.9660028499319281,0.969636237450611,0.9659666666666666,0.9695,0.9659274460204293,0.9694821135588336
212,0.9665166666666667,0.9701,0.12966762483119965,0.11486485600471497,0.966495843005166,0.9701469291257763,0.9665166666666667,0.9701,0.9664766790225493,0.9700674406590398
213,0.9665333333333334,0.9694,0.13039851188659668,0.11724361777305603,0.9665045013494353,0.9694634276775236,0.9665333333333334,0.9694,0.9664831452017749,0.9693662279179913
214,0.96655,0.9701,0.1286206990480423,0.11314988136291504,0.9665617268343185,0.9701124440887771,0.96655,0.9701,0.9665328393783092,0.970077967739676
215,0.9666666666666667,0.9712,0.12888431549072266,0.11380995064973831,0.9666410175140674,0.9712586175867902,0.9666666666666667,0.9712,0.9666378921203822,0.9711872876088486
216,0.9665166666666667,0.9713,0.12975749373435974,0.11493518948554993,0.9665607351457076,0.9713969959901091,0.9665166666666667,0.9713,0.9665059321088169,0.971292750924781
217,0.9664,0.9679,0.1299065202474594,0.1178823709487915,0.9664592861662265,0.9680016937012701,0.9664,0.9679,0.9664000232427933,0.9678819976162094
218,0.9658833333333333,0.9688,0.13433530926704407,0.1215677484869957,0.9660866658232784,0.9691911970604122,0.9658833333333333,0.9688,0.9658961623428829,0.9688137620851316
219,0.9659166666666666,0.9686,0.13165342807769775,0.11848942935466766,0.9660786760526344,0.9688031040989339,0.9659166666666666,0.9686,0.9659397959311272,0.9686091232625206
220,0.9664166666666667,0.971,0.13074414432048798,0.11517305672168732,0.9664394607359432,0.9710472617033129,0.9664166666666667,0.971,0.9663859941511718,0.9709671405635385
221,0.9670666666666666,0.9707,0.13017694652080536,0.11766874045133591,0.9671008050875127,0.97082998002173,0.9670666666666666,0.9707,0.9670636582020138,0.9706902002867072
222,0.9666833333333333,0.9689,0.13032925128936768,0.11705133318901062,0.9667870326566341,0.9690585759578773,0.9666833333333333,0.9689,0.9667125828153853,0.9689183197388113
223,0.9671666666666666,0.9703,0.13003899157047272,0.11601404845714569,0.9672378590225124,0.970477156787258,0.9671666666666666,0.9703,0.9671707392310909,0.970309868481836
224,0.9674666666666667,0.9704,0.12921090424060822,0.11538499593734741,0.9674770018410263,0.9704973704325596,0.9674666666666667,0.9704,0.9674535616029345,0.9703872168201191
225,0.96625,0.9701,0.12935034930706024,0.1143384799361229,0.9663490693890155,0.970165396728724,0.96625,0.9701,0.9662697609674608,0.9700964723142935
226,0.9665666666666667,0.9712,0.13042593002319336,0.11377255618572235,0.9666546011845167,0.9712820114695383,0.9665666666666667,0.9712,0.9665724865442196,0.9712001099331339
227,0.9668666666666667,0.9711,0.12848937511444092,0.11200740933418274,0.9668787056106781,0.9711342292510803,0.9668666666666667,0.9711,0.966861825801325,0.9710909234512001
228,0.9673666666666667,0.9699,0.12827198207378387,0.11381175369024277,0.9673947802315935,0.9699751641842785,0.9673666666666667,0.9699,0.9673656448687885,0.9698974472133074
229,0.96695,0.9711,0.12985411286354065,0.1167401373386383,0.9670135302714943,0.9712175040832952,0.96695,0.9711,0.9669516066698357,0.971087181915168
230,0.9673333333333334,0.9703,0.1282804012298584,0.11594138294458389,0.9673359986171505,0.9704167969894386,0.9673333333333334,0.9703,0.9673141434223673,0.9702931199334854
231,0.9669833333333333,0.9692,0.1289452165365219,0.1168474331498146,0.9670171052378512,0.9692930770231027,0.9669833333333333,0.9692,0.9669804158960421,0.9691976412013732
232,0.96705,0.9702,0.13010743260383606,0.1173645406961441,0.9671343779826989,0.970421328017966,0.96705,0.9702,0.9670481940353093,0.9702118602398028
233,0.9673333333333334,0.9706,0.1277894377708435,0.1123318001627922,0.9673580022306387,0.9706357983503754,0.9673333333333334,0.9706,0.9673331278821208,0.970585706510344
234,0.9671666666666666,0.9712,0.12754438817501068,0.11274997889995575,0.9671481763819111,0.9712318041275968,0.9671666666666666,0.9712,0.9671460257418867,0.9711845563160431
235,0.9671166666666666,0.9701,0.13006357848644257,0.11711005866527557,0.9671345684421139,0.9702540689796997,0.9671166666666666,0.9701,0.9670917115708192,0.9700954097941064
236,0.9671333333333333,0.9697,0.1291581094264984,0.11578220129013062,0.9671937413330686,0.9698305004906284,0.9671333333333333,0.9697,0.9671256247255159,0.9696937524858414
237,0.96755,0.9718,0.1270405501127243,0.11200200021266937,0.9675508244232058,0.9718640089572639,0.96755,0.9718,0.9675348866977127,0.9717887971231445
238,0.9673333333333334,0.9703,0.12793752551078796,0.11586233228445053,0.9673420379820883,0.9703855253278134,0.9673333333333334,0.9703,0.967322719455232,0.9702877388117851
239,0.9672833333333334,0.9697,0.12705987691879272,0.11381401121616364,0.9673139808300077,0.9697768199684624,0.9672833333333334,0.9697,0.9672839533739983,0.9696871088095776
240,0.9673833333333334,0.9705,0.1279534250497818,0.11582166701555252,0.9674045390225486,0.9706362232263591,0.9673833333333334,0.9705,0.9673666859537955,0.970495116239894
241,0.9676333333333333,0.9701,0.1278546005487442,0.11428270488977432,0.9676438420465042,0.9701946712836524,0.9676333333333333,0.9701,0.9676197749722386,0.9700953312280036
242,0.96765,0.9707,0.12734349071979523,0.1142563447356224,0.9676625243835741,0.9707829395472923,0.96765,0.9707,0.9676437101107719,0.9706902307655799
243,0.96735,0.9704,0.1276063770055771,0.11268707364797592,0.9673902869875233,0.9704418779529628,0.96735,0.9704,0.967333194847835,0.970380502339002
244,0.9671,0.9698,0.12931933999061584,0.11454129964113235,0.967245565478417,0.9699418244166856,0.9671,0.9698,0.9671222611847404,0.9698089392431469
245,0.96735,0.9709,0.1282639056444168,0.1131390631198883,0.9673902381162603,0.9709620458018337,0.96735,0.9709,0.9673409811416878,0.970892608705299
246,0.9678,0.9717,0.12646318972110748,0.11206836253404617,0.9678133443345709,0.9717689442918914,0.9678,0.9717,0.9677880096871003,0.9716920925829401
247,0.9666,0.9706,0.128801167011261,0.11169272661209106,0.9667006157631296,0.9707537669466035,0.9666,0.9706,0.9665993206778744,0.9705830859988566
248,0.9675,0.9715,0.1278717815876007,0.11351534724235535,0.9675401613158506,0.9716124989885789,0.9675,0.9715,0.9674593311712616,0.9714788656319592
249,0.96795,0.9713,0.12469951808452606,0.11111341416835785,0.9679596609367668,0.971353462297387,0.96795,0.9713,0.9679492370676398,0.971292348063309
250,0.9681166666666666,0.9708,0.1254216879606247,0.11171025037765503,0.9681533945123948,0.9708686935833517,0.9681166666666666,0.9708,0.9681255730127805,0.9707945672444143
251,0.968,0.9702,0.12637996673583984,0.1141895279288292,0.9680208402265474,0.9703011986024721,0.968,0.9702,0.9679928147750826,0.9701931882849234
252,0.9676,0.9701,0.12675170600414276,0.11251381784677505,0.9676403756410792,0.9701596567129813,0.9676,0.9701,0.9675936302246536,0.970088908491324
253,0.9680166666666666,0.971,0.12640178203582764,0.1118258386850357,0.9680020601451552,0.9710575739133368,0.9680166666666666,0.971,0.9679921001855529,0.9709830399765417
254,0.9677166666666667,0.9704,0.12674561142921448,0.11162370443344116,0.9677540469078179,0.9704572682051869,0.9677166666666667,0.9704,0.9677086827112182,0.9703886526305286
255,0.9684333333333334,0.971,0.12522251904010773,0.11173585057258606,0.9684351988058082,0.9710622434675011,0.9684333333333334,0.971,0.9684294110535843,0.9709913038137589
256,0.96825,0.972,0.12565501034259796,0.11145436018705368,0.9682887725209285,0.9720968615538473,0.96825,0.972,0.9682515123035401,0.971991419791537
257,0.9684166666666667,0.9716,0.12595908343791962,0.1113356426358223,0.9684275003334696,0.9716922701807478,0.9684166666666667,0.9716,0.9684054261545555,0.9715920825617533
258,0.9668166666666667,0.9725,0.1286478489637375,0.11223830282688141,0.9669332607649296,0.9725818655360082,0.9668166666666667,0.9725,0.9667936856415479,0.9724793321100662
259,0.96815,0.9715,0.12486275285482407,0.10991767793893814,0.9681798254983636,0.9715526606513902,0.96815,0.9715,0.9681563096459384,0.9714966971854571
260,0.9680166666666666,0.9705,0.12763287127017975,0.11450740694999695,0.9680164007724708,0.9706083519054548,0.9680166666666666,0.9705,0.9679734244924993,0.9704765795167954
261,0.9683,0.9711,0.12708787620067596,0.11393769830465317,0.9683085655326672,0.9712187023605151,0.9683,0.9711,0.9682790298861282,0.971096379727457
262,0.9679166666666666,0.9711,0.1262504905462265,0.11258135735988617,0.9679541924801756,0.971219718507504,0.9679166666666666,0.9711,0.9679128483146467,0.971096135572472
263,0.9680833333333333,0.9717,0.12616202235221863,0.11138032376766205,0.9681380897275316,0.9718104750299837,0.9680833333333333,0.9717,0.9680809900557479,0.9717016284805197
264,0.9674833333333334,0.9699,0.12669898569583893,0.11328541487455368,0.967607295356545,0.9699857416017501,0.9674833333333334,0.9699,0.9675055362790194,0.9698981323605705
265,0.9681,0.9716,0.12662078440189362,0.11319103091955185,0.9681132680806033,0.9717108585375273,0.9681,0.9716,0.9680833080089253,0.9715949835194969
266,0.9685333333333334,0.9721,0.12527838349342346,0.11245478689670563,0.9685112352139107,0.972162674922605,0.9685333333333334,0.9721,0.9685115397764583,0.9720819049650934
267,0.9680333333333333,0.9708,0.12894883751869202,0.11656560003757477,0.9681124884425043,0.9709451209712026,0.9680333333333333,0.9708,0.9680308858280583,0.970802218306943
268,0.9686,0.9714,0.1257951408624649,0.11318241059780121,0.9686433086644509,0.971524964628019,0.9686,0.9714,0.9686055258249046,0.9713968599951355
269,0.9684333333333334,0.9723,0.12577210366725922,0.1120154932141304,0.968435199044093,0.9723871449474513,0.9684333333333334,0.9723,0.9684187136663925,0.9722915974783393
270,0.96835,0.9727,0.12465175986289978,0.10951799154281616,0.9683601996295987,0.9727371566706348,0.96835,0.9727,0.9683463592174156,0.9726904531129102
271,0.9683,0.9712,0.12530267238616943,0.1105685755610466,0.9683302290084801,0.9712218480507112,0.9683,0.9712,0.9682915982037456,0.9711861001988705
272,0.9682,0.9735,0.12528440356254578,0.10848979651927948,0.9682100115492366,0.9735297082896132,0.9682,0.9735,0.9681837243282029,0.9734867678268629
273,0.9682666666666667,0.9726,0.12532596290111542,0.10951811820268631,0.9682666976845329,0.9726622741275878,0.9682666666666667,0.9726,0.9682384353323992,0.9725876424171516
274,0.9682666666666667,0.9722,0.12488911300897598,0.10924824327230453,0.9682741307872939,0.9722178410698878,0.9682666666666667,0.9722,0.9682494431142447,0.9721802231505657
275,0.9686666666666667,0.9715,0.1254420429468155,0.1109936535358429,0.9686880586126477,0.9715819829312797,0.9686666666666667,0.9715,0.9686600500833652,0.9714958812452247
276,0.9688166666666667,0.9713,0.12402764707803726,0.11096081882715225,0.9688284690434122,0.971379097626068,0.9688166666666667,0.9713,0.9688127312095717,0.971289357049595
277,0.9685833333333334,0.973,0.12397103756666183,0.10952850431203842,0.9685699615515276,0.9730365445032582,0.9685833333333334,0.973,0.9685628243319238,0.9729767975445082
278,0.9679666666666666,0.9728,0.12700104713439941,0.11142652481794357,0.9680951844284562,0.9729265852860622,0.9679666666666666,0.9728,0.9679862803842597,0.9728044964695675
279,0.9677833333333333,0.972,0.1262473464012146,0.11142134666442871,0.967849524665102,0.9720918694273272,0.9677833333333333,0.972,0.9677873222097138,0.97198466827842
280,0.9687,0.9721,0.12454401701688766,0.10897623002529144,0.9687138401681972,0.9721704571763057,0.9687,0.9721,0.9686879125399253,0.9720926012560803
281,0.9690666666666666,0.9724,0.12421669811010361,0.10968732833862305,0.9690523664943215,0.9724455333594405,0.9690666666666666,0.9724,0.9690409699991968,0.9723831269512211
282,0.96905,0.9722,0.12301547080278397,0.10891451686620712,0.9690644608317243,0.9722432207348851,0.96905,0.9722,0.9690473577154326,0.9721868145246266
283,0.9676666666666667,0.9693,0.12979836761951447,0.11821696907281876,0.9677392349162505,0.9694565569783319,0.9676666666666667,0.9693,0.967603171346334,0.9692476792956243
284,0.969,0.972,0.12376510351896286,0.11022073775529861,0.9690195352303507,0.9721013393528461,0.969,0.972,0.9689990641777328,0.9720015438055348
285,0.9690166666666666,0.9717,0.1238165870308876,0.11118835210800171,0.9690347096368981,0.9717626207665433,0.9690166666666666,0.9717,0.9690130607731662,0.9716817655684464
286,0.9690833333333333,0.9719,0.12334258109331131,0.11081584542989731,0.9690848666058398,0.9719996958767644,0.9690833333333333,0.9719,0.9690724606662102,0.9718889794930216
287,0.9691833333333333,0.972,0.12324286997318268,0.10921076685190201,0.9691926860437171,0.9720673663448505,0.9691833333333333,0.972,0.9691767817407286,0.9719962347399276
288,0.9683833333333334,0.9722,0.12524062395095825,0.1112363412976265,0.9684281863609777,0.9723517834516062,0.9683833333333334,0.9722,0.9683668014983332,0.9721892186071109
289,0.9693666666666667,0.9726,0.12332086265087128,0.10942529141902924,0.9693665132840139,0.9726547087367043,0.9693666666666667,0.9726,0.9693600215118138,0.9725939096339639
290,0.9685,0.9734,0.12507376074790955,0.10872209817171097,0.9686049338622038,0.9735254015631905,0.9685,0.9734,0.9685193667419256,0.9734100793848584
291,0.9683166666666667,0.9713,0.1253715604543686,0.10975034534931183,0.9684117590457876,0.9713860764837887,0.9683166666666667,0.9713,0.9683255885329701,0.9712961838108138
292,0.9692833333333334,0.9739,0.12330904603004456,0.10775137692689896,0.9692873589908038,0.9739464841694613,0.9692833333333334,0.9739,0.9692746407221494,0.9738919167111418
293,0.96885,0.9719,0.1253398209810257,0.11015629768371582,0.9688772574475667,0.9719978819962051,0.96885,0.9719,0.9688271533338564,0.9718809035950355
294,0.9690333333333333,0.9714,0.12489377707242966,0.11198869347572327,0.9690882560669387,0.9715425451065761,0.9690333333333333,0.9714,0.9690395772128771,0.9714081171404813
295,0.9691166666666666,0.972,0.12469633668661118,0.11098796129226685,0.9691583615756674,0.9720744282823732,0.9691166666666666,0.972,0.9691145504360216,0.971995772558859
296,0.9689,0.9736,0.12396015971899033,0.10822857916355133,0.9688971363007273,0.9736472190636112,0.9689,0.9736,0.9688685469406879,0.9735773331303305
297,0.9690833333333333,0.9722,0.12299370020627975,0.10833971202373505,0.969107025041774,0.9722468338564059,0.9690833333333333,0.9722,0.9690751959646984,0.9721829533590539
298,0.9690833333333333,0.9724,0.12311875820159912,0.10886949300765991,0.9690974568219715,0.9724504561228383,0.9690833333333333,0.9724,0.9690757008401047,0.972386220658413
299,0.9691666666666666,0.973,0.12288007885217667,0.10731840878725052,0.96916645062921,0.973015228010628,0.9691666666666666,0.973,0.9691508510802863,0.9729801472623727
300,0.9694833333333334,0.9736,0.12232515215873718,0.10836667567491531,0.9694713358949955,0.9736283255644322,0.9694833333333334,0.9736,0.9694661738097887,0.9735794976440667
301,0.9689166666666666,0.9723,0.12371450662612915,0.10978718101978302,0.9689221803253165,0.9723527923412794,0.9689166666666666,0.9723,0.9688984259716378,0.9722888485959462
302,0.9689,0.9719,0.12452863901853561,0.11163538694381714,0.9689396017577956,0.9720544425338694,0.9689,0.9719,0.9688915764175368,0.9718964159166033
303,0.9693,0.9727,0.12431935966014862,0.11085295677185059,0.9693126511604423,0.9727896455313761,0.9693,0.9727,0.9692833090763866,0.9726923431718804
304,0.9693333333333334,0.9725,0.12202953547239304,0.10909128189086914,0.9693527177917116,0.9725476220144074,0.9693333333333334,0.9725,0.9693334606141272,0.9724911517573898
305,0.96975,0.9745,0.121052086353302,0.10532675683498383,0.9697382286061038,0.9745158147471841,0.96975,0.9745,0.969741212087472,0.9744868424660145
306,0.9696,0.9729,0.12283410131931305,0.1088494136929512,0.9695970630436732,0.9729645485624248,0.9696,0.9729,0.9695777602084911,0.9728878239720276
307,0.9691666666666666,0.9735,0.12355385720729828,0.10794747620820999,0.9691670377082752,0.9735820871647848,0.9691666666666666,0.9735,0.9691386208170909,0.9734877433603412
308,0.9696333333333333,0.9731,0.1218259260058403,0.10799610614776611,0.96964824295095,0.9731628320612221,0.9696333333333333,0.9731,0.9696330837885287,0.9730991615831303
309,0.9695666666666667,0.9728,0.12165500223636627,0.1064133271574974,0.9695813132193686,0.9728788063546977,0.9695666666666667,0.9728,0.9695609566246053,0.9727955250448421
310,0.9689666666666666,0.9733,0.12469469755887985,0.10948657244443893,0.969004911771477,0.9733931234576634,0.9689666666666666,0.9733,0.9689346167276373,0.9732775360096865
311,0.9695666666666667,0.9729,0.12341367453336716,0.1082858145236969,0.9695722820957641,0.9729714887783817,0.9695666666666667,0.9729,0.9695487065884246,0.9728875705652835
312,0.9693666666666667,0.9719,0.125520721077919,0.1103731095790863,0.9693763828967465,0.9719868233331487,0.9693666666666667,0.9719,0.9693372892154785,0.9718856377994369
313,0.9694166666666667,0.9719,0.12379713356494904,0.10860521346330643,0.9694398073724996,0.971983268971255,0.9694166666666667,0.9719,0.9694110188425766,0.9718992101177973
314,0.9689833333333333,0.9718,0.12366122007369995,0.10757851600646973,0.9690555613794924,0.9718676753339607,0.9689833333333333,0.9718,0.9689921129112502,0.9717994984431787
315,0.96935,0.9728,0.12405996769666672,0.10641556233167648,0.969334711511687,0.9728372445328014,0.96935,0.9728,0.9693128102463733,0.9727809934866677
316,0.9692666666666667,0.9733,0.12306331098079681,0.10603220015764236,0.9692786514563136,0.9733323510319071,0.9692666666666667,0.9733,0.9692457732569492,0.973282974325939
317,0.9692333333333333,0.9719,0.12273316830396652,0.10922320187091827,0.9692267371178959,0.9719451961691304,0.9692333333333333,0.9719,0.969214877624743,0.9718828348683916
318,0.96935,0.9727,0.12422676384449005,0.11210642009973526,0.9693842650889224,0.9728361472806503,0.96935,0.9727,0.9693351157695348,0.9726946720722329
319,0.9697833333333333,0.9731,0.12394651025533676,0.11181619763374329,0.9698332871680446,0.9732335965067629,0.9697833333333333,0.9731,0.9697755302134998,0.9730919883029701
320,0.9694833333333334,0.9743,0.12182601541280746,0.10642031580209732,0.9694901440997203,0.9743634485920695,0.9694833333333334,0.9743,0.9694654955513462,0.9742930272179139
321,0.96985,0.9731,0.1227390319108963,0.10743752121925354,0.9698444358240064,0.9731490804879637,0.96985,0.9731,0.969816822909664,0.9730797539852883
322,0.9698,0.9714,0.1237097978591919,0.10989897698163986,0.9698233697238973,0.971503290850331,0.9698,0.9714,0.9697859878285007,0.9713884590936914
323,0.9697166666666667,0.9736,0.12138929963111877,0.10626539587974548,0.9696990896344841,0.9736386418470576,0.9697166666666667,0.9736,0.9696988649195448,0.9735919336261184
324,0.9692166666666666,0.9731,0.12235112488269806,0.10753753781318665,0.9692747644746269,0.9731628896555204,0.9692166666666666,0.9731,0.9692207875937257,0.9730943803623737
325,0.9694666666666667,0.9727,0.12279869616031647,0.10747722536325455,0.9695558558666114,0.9727694086746961,0.9694666666666667,0.9727,0.9694794015402742,0.9727023589756576
326,0.9694833333333334,0.9715,0.1226627305150032,0.10711025446653366,0.9695178583851999,0.9715445920054016,0.9694833333333334,0.9715,0.9694678708693663,0.9714821598041739
327,0.9698833333333333,0.9739,0.12192577868700027,0.10487011820077896,0.9698925173941938,0.9739311594693157,0.9698833333333333,0.9739,0.9698689916696064,0.9738878394347966
328,0.9691833333333333,0.9715,0.12328296899795532,0.10948808491230011,0.969298294236394,0.9715994482539628,0.9691833333333333,0.9715,0.9692014606618237,0.9715002873865369
329,0.97005,0.9736,0.11991123855113983,0.1046546995639801,0.9700460136954502,0.9736198417741005,0.97005,0.9736,0.97004357599473,0.9735878520812196
330,0.9697833333333333,0.9735,0.12015075236558914,0.10492782294750214,0.9697957215206934,0.9735329392161944,0.9697833333333333,0.9735,0.9697789274411744,0.9734916108784609
331,0.9701833333333333,0.9731,0.12021736800670624,0.1042337492108345,0.9701996510736125,0.973158216970996,0.9701833333333333,0.9731,0.9701851519872707,0.9731000455565518
332,0.9702,0.9727,0.12127484381198883,0.10726939886808395,0.97024435381506,0.9727558465069811,0.9702,0.9727,0.9702120874380166,0.9726966242031183
333,0.9703,0.973,0.12044642120599747,0.1075979471206665,0.970297520794415,0.9730543658388028,0.9703,0.973,0.9702919559023091,0.9729894428798587
334,0.96865,0.9714,0.1237286701798439,0.1083529070019722,0.9688347029758035,0.9715419774144893,0.96865,0.9714,0.9686766084423771,0.971403862329014
335,0.97015,0.9736,0.12012750655412674,0.10448562353849411,0.9701349265332505,0.9736282954943334,0.97015,0.9736,0.9701328734163291,0.9735866241209649
336,0.9701,0.974,0.12032827734947205,0.10473999381065369,0.9700875930213112,0.9740363617323584,0.9701,0.974,0.9700862974282841,0.9739896105502052
337,0.9703666666666667,0.973,0.12054919451475143,0.10605067014694214,0.9703705730879815,0.973043263926411,0.9703666666666667,0.973,0.970358412858183,0.9729925637665425
338,0.9696166666666667,0.9736,0.12374302744865417,0.10701220482587814,0.9697495219887291,0.9737450396919332,0.9696166666666667,0.9736,0.9696346501635783,0.9736126773250566
339,0.97005,0.973,0.12156076729297638,0.10875524580478668,0.9700667455834926,0.9730761188889572,0.97005,0.973,0.9700388127549999,0.9729876408325703
340,0.9702833333333334,0.973,0.12177969515323639,0.10874130576848984,0.9703050015076913,0.9730955682951938,0.9702833333333334,0.973,0.970274293211667,0.9729969188741417
341,0.9704,0.9735,0.12029975652694702,0.10685691237449646,0.9704083777905107,0.9735491380455472,0.9704,0.9735,0.9703960338162366,0.9734928066657937
342,0.9705833333333334,0.9732,0.12147810310125351,0.10707486420869827,0.9705729152396962,0.9732510256351458,0.9705833333333334,0.9732,0.9705617544172389,0.9731912364290972
343,0.9699333333333333,0.9726,0.12198349088430405,0.10568466782569885,0.9700155068425652,0.9726629717463089,0.9699333333333333,0.9726,0.9699395469551491,0.9725964533256031
344,0.9701666666666666,0.9739,0.12089621275663376,0.10747088491916656,0.9702080208148266,0.9740057301136893,0.9701666666666666,0.9739,0.9701643296990337,0.9738938966582962
345,0.97025,0.9733,0.12012306600809097,0.1056518405675888,0.9702682088323099,0.9733323885877169,0.97025,0.9733,0.9702506465547774,0.9732941296355931
346,0.9704333333333334,0.9739,0.1202586442232132,0.10471818596124649,0.9704295499572585,0.9739325238213403,0.9704333333333334,0.9739,0.9704199516688886,0.9738891606932124
347,0.9703,0.9738,0.12041835486888885,0.10485227406024933,0.970319728924537,0.9738439572515385,0.9703,0.9738,0.9702946918682487,0.9737957096750636
348,0.9702333333333333,0.9738,0.11956299841403961,0.10397103428840637,0.9702431141364272,0.9738237788002667,0.9702333333333333,0.9738,0.9702275061873633,0.9737878064308003
349,0.97005,0.9731,0.12117934226989746,0.106651671230793,0.9700993708758485,0.9731517408662729,0.97005,0.9731,0.9700524430102015,0.9730927397115611
350,0.9706,0.9735,0.11940665543079376,0.10491897910833359,0.9706160850308622,0.973534890162699,0.9706,0.9735,0.9705997679102906,0.9734917959302795
351,0.9701333333333333,0.9723,0.1217188835144043,0.1066373810172081,0.9702019573826596,0.9724585551634393,0.9701333333333333,0.9723,0.9701363412744537,0.9722955454528894
352,0.97025,0.9734,0.1206403449177742,0.1066100224852562,0.9702802684466691,0.9734830064826194,0.97025,0.9734,0.9702496451496938,0.9733933078044321
353,0.9697833333333333,0.9736,0.12297254800796509,0.10955704003572464,0.9698536516722631,0.9737736729063626,0.9697833333333333,0.9736,0.9697697947791805,0.9735884583382193
354,0.97065,0.9741,0.12056504189968109,0.10587047040462494,0.9706645469070551,0.9741549256830269,0.97065,0.9741,0.9706371999196864,0.9740848589275689
355,0.9708166666666667,0.9742,0.11900576204061508,0.10429280996322632,0.9708226083092855,0.974247696738032,0.9708166666666667,0.9742,0.9708156366604518,0.9741950464705101
356,0.9707666666666667,0.9732,0.11973430216312408,0.10460374504327774,0.9707649782266646,0.9732424783861179,0.9707666666666667,0.9732,0.9707565797790382,0.9731887194482227
357,0.9703833333333334,0.9727,0.12139219790697098,0.107338547706604,0.9704157785458556,0.9728052773709889,0.9703833333333334,0.9727,0.9703737227971976,0.9726928158273904
358,0.9706,0.9726,0.12161043286323547,0.10885253548622131,0.9706375002276594,0.9727346071631373,0.9706,0.9726,0.9706030339698688,0.9726056632614538
359,0.9703833333333334,0.9727,0.12175626307725906,0.1082228422164917,0.9704676411068779,0.9728402875570468,0.9703833333333334,0.9727,0.9703940917423094,0.9727057405884556
360,0.9708333333333333,0.9734,0.12058007717132568,0.10806427150964737,0.9708555520805062,0.9735049113194691,0.9708333333333333,0.9734,0.9708317093751905,0.9734022772846475
361,0.9707666666666667,0.9735,0.11916141211986542,0.10487914830446243,0.9707691742773914,0.9735391984240225,0.9707666666666667,0.9735,0.9707582568078754,0.9734876916999711
362,0.9709166666666667,0.9737,0.12010075896978378,0.10738776624202728,0.9709509192299574,0.9738100141889823,0.9709166666666667,0.9737,0.9709172294581863,0.973696253386834
363,0.9709166666666667,0.9737,0.11983074992895126,0.10695063322782516,0.9709133678168901,0.9737501370279109,0.9709166666666667,0.9737,0.9709054071785402,0.9736904717597512
364,0.97035,0.9722,0.12340938299894333,0.10885100066661835,0.9704919572006085,0.9724549013247881,0.97035,0.9722,0.9703758613598881,0.9722281947319372
365,0.9702,0.9728,0.12129132449626923,0.10510668903589249,0.9702595367826176,0.9728595758919347,0.9702,0.9728,0.9702005602967555,0.9727947695472804
366,0.9710333333333333,0.9743,0.11933302134275436,0.10504970699548721,0.9710250148538085,0.974338360454607,0.9710333333333333,0.9743,0.9710207429386782,0.9742848540052526
367,0.9704666666666667,0.9729,0.12221711128950119,0.10611166805028915,0.9705171120473409,0.9730259844092416,0.9704666666666667,0.9729,0.9704609390111474,0.9729014418856404
368,0.9709833333333333,0.9737,0.12029837816953659,0.10609181970357895,0.9709983056355667,0.9737794711423405,0.9709833333333333,0.9737,0.9709768094428811,0.973693019111373
369,0.97035,0.9737,0.12269124388694763,0.10962647944688797,0.9703762649066053,0.9738248214792012,0.97035,0.9737,0.9703366579982747,0.9736840271658374
370,0.97085,0.9738,0.11986617743968964,0.10472473502159119,0.9708835965903471,0.9738731113281548,0.97085,0.9738,0.9708570239415989,0.9738017429607898
371,0.9708166666666667,0.9742,0.11960617452859879,0.10488858819007874,0.9708410916817074,0.9742453021115125,0.9708166666666667,0.9742,0.9708148893892975,0.9741897281701009
372,0.97135,0.9732,0.11948582530021667,0.10479086637496948,0.971351899483186,0.9732450992046253,0.97135,0.9732,0.9713411797974025,0.9731917300617784
373,0.9712166666666666,0.9745,0.11864234507083893,0.10410819947719574,0.9712118424747842,0.97454114204177,0.9712166666666666,0.9745,0.9712101939040054,0.9744908914885889
374,0.97075,0.9739,0.12149865925312042,0.10626056790351868,0.9707700045571833,0.9739845380333145,0.97075,0.9739,0.9707307872736104,0.9738911225893225
375,0.97135,0.974,0.11865171045064926,0.10314440727233887,0.9713498215369336,0.9740342128612796,0.97135,0.974,0.9713458566778005,0.9739920085300234
376,0.9710666666666666,0.973,0.1211218312382698,0.10790059715509415,0.9710952831478051,0.9730999028469247,0.9710666666666666,0.973,0.971061911413817,0.9729990740778549
377,0.9707833333333333,0.9738,0.11954809725284576,0.10381944477558136,0.9708282926226346,0.9738476972734749,0.9707833333333333,0.9738,0.9707882388869854,0.9737947810401383
378,0.9709,0.9747,0.11844906210899353,0.10334512591362,0.9708973246188275,0.9747414798779437,0.9709,0.9747,0.9708876196645654,0.9746866317618076
379,0.9705333333333334,0.974,0.12179505079984665,0.10661135613918304,0.9706660454867294,0.9742424858383918,0.9705333333333334,0.974,0.9705534272188316,0.9740269534222871
380,0.9711,0.9748,0.12039043009281158,0.10673756152391434,0.9711444380971601,0.9749418920647307,0.9711,0.9748,0.9710891637278188,0.9747980373168741
381,0.9710333333333333,0.9743,0.11975885927677155,0.10459759831428528,0.9710324018604202,0.9743680646268167,0.9710333333333333,0.9743,0.971017502613059,0.9742886825505394
382,0.97125,0.9731,0.12078531831502914,0.10583895444869995,0.9712479208272033,0.9731652812471849,0.97125,0.9731,0.971228534795389,0.9730899687394036
383,0.9714333333333334,0.9746,0.11886153370141983,0.10345747321844101,0.9714332660620619,0.9746521751969606,0.9714333333333334,0.9746,0.9714235135903727,0.9745910562626652
384,0.97095,0.9742,0.11930668354034424,0.10537038743495941,0.9709803278538728,0.9742655279992151,0.97095,0.9742,0.970951947833337,0.9741963876166708
385,0.9712,0.9735,0.1206069365143776,0.10706545412540436,0.9712214968695233,0.9735570065509395,0.9712,0.9735,0.9711858032195443,0.973488385763665
386,0.9703333333333334,0.9736,0.12198004871606827,0.10372396558523178,0.9704354325567195,0.9736749268091472,0.9703333333333334,0.9736,0.9703397219984145,0.9736019893266106
387,0.9707833333333333,0.9739,0.11968585848808289,0.10217157006263733,0.9708670922613652,0.9739479527121355,0.9707833333333333,0.9739,0.9707991454878386,0.9739011782609863
388,0.9712166666666666,0.9738,0.11866495013237,0.10257044434547424,0.9712121570220642,0.9738284307789068,0.9712166666666666,0.9738,0.9712057963005779,0.9737875087077915
389,0.9715666666666667,0.9743,0.11947020143270493,0.10463713109493256,0.9715700243205753,0.9743507086328794,0.9715666666666667,0.9743,0.9715563241572656,0.9742855779675298
390,0.9706,0.9749,0.1196599006652832,0.1001802384853363,0.9706440310177478,0.9749445095410447,0.9706,0.9749,0.9706059529515044,0.9748928202347558
391,0.9709833333333333,0.9746,0.11926868557929993,0.10182040929794312,0.9709738385291901,0.9746334818858768,0.9709833333333333,0.9746,0.9709578668899324,0.9745804194366565
392,0.9713833333333334,0.974,0.1178828775882721,0.10317912697792053,0.971389876174424,0.9740537586441518,0.9713833333333334,0.974,0.971381132633795,0.9739887008020389
393,0.97145,0.9741,0.11808214336633682,0.1028006374835968,0.971457272747938,0.9741352830441585,0.97145,0.9741,0.9714464605396513,0.9740959172849649
394,0.97145,0.974,0.11862242966890335,0.10341665893793106,0.9714575852144584,0.9740351684710619,0.97145,0.974,0.9714430962219562,0.9739897129625166
395,0.9712333333333333,0.975,0.1182899922132492,0.10077368468046188,0.9712112559167599,0.9750116724545537,0.9712333333333333,0.975,0.9712155030890824,0.974984424656773
396,0.97145,0.974,0.11969265341758728,0.10420052707195282,0.9714920891217141,0.9741077019704886,0.97145,0.974,0.9714526879823823,0.9739983503326346
397,0.9712833333333334,0.9748,0.11826325953006744,0.10214744508266449,0.9712897495186243,0.9748265162934645,0.9712833333333334,0.9748,0.9712818815541331,0.9747913906708382
398,0.9708166666666667,0.9752,0.11887041479349136,0.10161777585744858,0.9708437373751982,0.9752461844997581,0.9708166666666667,0.9752,0.970819665232127,0.9751920335164607
399,0.9713666666666667,0.9742,0.11993212252855301,0.10473930835723877,0.9713511860670438,0.9742391983697276,0.9713666666666667,0.9742,0.9713393810755397,0.9741806055595911
400,0.9714,0.9739,0.11891387403011322,0.10375718027353287,0.9714151663635338,0.9739453033245481,0.9714,0.9739,0.9714002245489225,0.9738957396991633
401,0.9705333333333334,0.9736,0.12485358119010925,0.10844555497169495,0.9706849008688962,0.9738215852109866,0.9705333333333334,0.9736,0.9705371630870846,0.9736178200995365
402,0.97105,0.9747,0.11830595880746841,0.10125581175088882,0.9710608991928703,0.9747361885127624,0.97105,0.9747,0.9710457497137842,0.9746908058056774
403,0.97115,0.9749,0.11870479583740234,0.10259493440389633,0.9711891264743149,0.9749658748926074,0.97115,0.9749,0.9711627443141213,0.9749008463991031
404,0.96985,0.9733,0.122568279504776,0.10793082416057587,0.9699435332971574,0.9734042202164721,0.96985,0.9733,0.9698585475023089,0.9732932619287968
405,0.9715666666666667,0.9736,0.12018340080976486,0.10570614039897919,0.9715770037396798,0.9736529579075496,0.9715666666666667,0.9736,0.97155889590602,0.9735915035352336
406,0.9711333333333333,0.9737,0.12031913548707962,0.10487000644207001,0.9711742035955586,0.9737735851202184,0.9711333333333333,0.9737,0.9711421298495697,0.9736961314243212
407,0.9712833333333334,0.9741,0.11964528262615204,0.10254141688346863,0.9713054053426262,0.9741468060917631,0.9712833333333334,0.9741,0.9712833455808644,0.9740988660192111
408,0.9710166666666666,0.9753,0.11935197561979294,0.10325942188501358,0.9710657352806273,0.9753685283701948,0.9710166666666666,0.9753,0.971022505804322,0.9752921688796443
409,0.9714166666666667,0.9742,0.11817233264446259,0.10316796600818634,0.9714380752739882,0.9742413620290221,0.9714166666666667,0.9742,0.9714195922618275,0.9741904999633323
410,0.96975,0.9718,0.12316111475229263,0.1064821258187294,0.9699624998358627,0.9719599522536495,0.96975,0.9718,0.9697994745013477,0.9718171225618145
411,0.97105,0.9746,0.12085211277008057,0.10179280489683151,0.9711544715708987,0.9746817547697825,0.97105,0.9746,0.9710695742037632,0.9746078144544584
412,0.9706333333333333,0.974,0.11957117170095444,0.10269658267498016,0.9707018063628624,0.9740591103937648,0.9706333333333333,0.974,0.9706275265935905,0.9739846485138484
413,0.97125,0.9743,0.11762915551662445,0.1016661673784256,0.971272532843975,0.974351214065701,0.97125,0.9743,0.9712487074296575,0.9742928978582691
414,0.9713666666666667,0.9742,0.11853088438510895,0.10388835519552231,0.9713978710182091,0.9742438962408579,0.9713666666666667,0.9742,0.9713639925103239,0.97419398325313
415,0.97175,0.9742,0.11802230030298233,0.10386963933706284,0.9717387707496045,0.9742452919329017,0.97175,0.9742,0.9717357666886688,0.9741919288838439
416,0.9720666666666666,0.9753,0.11764009296894073,0.10382840782403946,0.9720835871304709,0.9753822722717367,0.9720666666666666,0.9753,0.9720669099437739,0.9753010911360905
417,0.9716166666666667,0.9749,0.11908641457557678,0.10467206686735153,0.9716300537681701,0.9749967099586396,0.9716166666666667,0.9749,0.9716033433325361,0.9748978768688076
418,0.9720833333333333,0.9747,0.11786679178476334,0.1027289405465126,0.9720740516009804,0.9747316605604818,0.9720833333333333,0.9747,0.972069396002121,0.9746893820442825
419,0.9710833333333333,0.9736,0.11971340328454971,0.10586734861135483,0.9711372603521629,0.9737789050426927,0.9710833333333333,0.9736,0.9710719122005734,0.973597333554507
420,0.9716833333333333,0.975,0.11696487665176392,0.10368037223815918,0.9717114813227988,0.9750712070952846,0.9716833333333333,0.975,0.9716865325140263,0.9749898992941054
421,0.9720666666666666,0.9744,0.1159367561340332,0.100898377597332,0.9720713981304699,0.9744377934959397,0.9720666666666666,0.9744,0.9720648398477736,0.9743921308219349
422,0.9707,0.9741,0.1187896579504013,0.10269931703805923,0.9707672599068009,0.974178755995308,0.9707,0.9741,0.9706991633373956,0.974088544178204
423,0.9719,0.9749,0.11672978848218918,0.10080231726169586,0.9718926427167712,0.9749380867202879,0.9719,0.9749,0.9718866857927505,0.9748922736259512
424,0.97175,0.9747,0.11877842247486115,0.10293959081172943,0.9717778115704698,0.9747478209545773,0.97175,0.9747,0.9717389950000344,0.9746951511626177
425,0.97115,0.9735,0.11942888796329498,0.10400600731372833,0.9712961513695332,0.9737070738544066,0.97115,0.9735,0.971182998455282,0.9735282957144591
426,0.9712166666666666,0.9728,0.1193060502409935,0.10484461486339569,0.9713465479044794,0.9730104292346127,0.9712166666666666,0.9728,0.9712422930465554,0.972811180059652
427,0.9715,0.9744,0.1164824515581131,0.10064736753702164,0.9715293977298718,0.9744524580809518,0.9715,0.9744,0.9715062376744448,0.9743950207262702
428,0.97175,0.974,0.11636832356452942,0.1012553796172142,0.971763143538735,0.9740434507788748,0.97175,0.974,0.9717467093144012,0.9739921086855534
429,0.9699666666666666,0.9727,0.12104976177215576,0.10470341891050339,0.970142288155108,0.9727708898881805,0.9699666666666666,0.9727,0.9699686199605547,0.972679866349437
430,0.9717333333333333,0.9746,0.11574956029653549,0.10039402544498444,0.9717400280293578,0.9746610469336511,0.9717333333333333,0.9746,0.971724124662923,0.9745913492313047
431,0.97215,0.9747,0.11621575802564621,0.10380066186189651,0.9721505895357051,0.9747622429366171,0.97215,0.9747,0.9721387363915271,0.9746870916956365
432,0.9721166666666666,0.9746,0.11565475910902023,0.10245175659656525,0.972108484229576,0.9746436225363548,0.9721166666666666,0.9746,0.9721055664437301,0.9745858582609711
433,0.97155,0.9761,0.11722122132778168,0.10207492858171463,0.9715875990451063,0.9761845767306376,0.97155,0.9761,0.9715377106934363,0.9760818637613314
434,0.9716333333333333,0.9741,0.11600033938884735,0.10162171721458435,0.9716627889295896,0.9741709245805168,0.9716333333333333,0.9741,0.9716372718804672,0.9740969415321288
435,0.9718666666666667,0.9749,0.11700139939785004,0.10234829783439636,0.9718728923985661,0.9749521433945052,0.9718666666666667,0.9749,0.9718559639952928,0.9748949428720188
436,0.9722666666666666,0.9745,0.11639165133237839,0.10271075367927551,0.972262291145505,0.9745489520092,0.9722666666666666,0.9745,0.9722536938026202,0.9744910196144443
437,0.9717666666666667,0.9746,0.11608109623193741,0.10212185978889465,0.9717784453104554,0.9746463611349576,0.9717666666666667,0.9746,0.9717671653659794,0.9745948826650399
438,0.9719166666666667,0.9739,0.11675014346837997,0.10360855609178543,0.9719227482409433,0.9739612531009941,0.9719166666666667,0.9739,0.9719042213755575,0.9738858611249062
439,0.97145,0.9755,0.11856125295162201,0.1028134673833847,0.9715370789707981,0.9756337906990462,0.97145,0.9755,0.971458820785723,0.9755074135893932
440,0.9720166666666666,0.9745,0.11669301241636276,0.10272394120693207,0.972042107731955,0.9745776812228032,0.9720166666666666,0.9745,0.9720214828548137,0.9744995783444947
441,0.9721666666666666,0.9745,0.11825384199619293,0.10362274199724197,0.9721944710402466,0.9746042109262657,0.9721666666666666,0.9745,0.972159760058929,0.9745012657272446
442,0.9716166666666667,0.9748,0.11719037592411041,0.10193704813718796,0.9716542783327092,0.9748618039968846,0.9716166666666667,0.9748,0.9716164844153811,0.9747928023124709
443,0.9720333333333333,0.9745,0.11738815903663635,0.10248330235481262,0.9720385774301639,0.9745449847150407,0.9720333333333333,0.9745,0.9720216374783333,0.9744937981664851
444,0.9720833333333333,0.9752,0.11688815802335739,0.10240580886602402,0.9720991747202902,0.9752730815762403,0.9720833333333333,0.9752,0.9720820179187264,0.9751969070374109
445,0.9722833333333334,0.9749,0.11771593987941742,0.10348809510469437,0.9722724904915309,0.9749751210732711,0.9722833333333334,0.9749,0.9722614913806512,0.9748896419929169
446,0.97225,0.9748,0.11740529537200928,0.10427034646272659,0.972254873268631,0.9748851932816291,0.97225,0.9748,0.9722370903554165,0.9747962024119772
447,0.9720333333333333,0.9754,0.11687615513801575,0.10203573852777481,0.9720802559827285,0.975474334556401,0.9720333333333333,0.9754,0.9720442838227227,0.9754006447008334
448,0.9722333333333333,0.9749,0.11652545630931854,0.10016205161809921,0.9722430025405255,0.974939705615007,0.9722333333333333,0.9749,0.9722264984353274,0.9748932094735372
449,0.97175,0.9743,0.11732078343629837,0.10123112797737122,0.9717975045249265,0.9743488630781795,0.97175,0.9743,0.9717557506089763,0.9742950861190771
450,0.972,0.9746,0.11816132813692093,0.10085362195968628,0.9720338021322248,0.9746423438467063,0.972,0.9746,0.9719924239705869,0.9745956699858566
451,0.9723833333333334,0.9759,0.11686611920595169,0.10212800651788712,0.9723883664164206,0.9759422462057091,0.9723833333333334,0.9759,0.9723720848553132,0.975890260362832
452,0.9721333333333333,0.9753,0.11699947714805603,0.10122177749872208,0.9721267586413013,0.9753426169099765,0.9721333333333333,0.9753,0.972109898842972,0.9752808208401744
453,0.9724166666666667,0.975,0.11750763654708862,0.10056540369987488,0.9724100500519827,0.9750386347374058,0.9724166666666667,0.975,0.9723935855997234,0.9749867265277138
454,0.9721666666666666,0.9747,0.11687950789928436,0.09951117634773254,0.9721868183408595,0.9747330075182954,0.9721666666666666,0.9747,0.9721625858702543,0.9746919941441685
455,0.9722333333333333,0.9751,0.11749384552240372,0.1000351533293724,0.9722622801553586,0.9751475527799021,0.9722333333333333,0.9751,0.9722298567652455,0.9750990712280719
456,0.9719666666666666,0.9755,0.11682393401861191,0.10252922028303146,0.9719606866077644,0.9755552121688604,0.9719666666666666,0.9755,0.9719524046609839,0.9754891037260106
457,0.9724,0.9749,0.11721369624137878,0.10413288325071335,0.9723868497927604,0.9749682723003068,0.9724,0.9749,0.9723826858893982,0.9748900510972757
458,0.9711666666666666,0.9742,0.11944930255413055,0.1027519628405571,0.971309774626816,0.9742728112421948,0.9711666666666666,0.9742,0.971184273814376,0.9742002623912555
459,0.97255,0.9746,0.11924050748348236,0.10455760359764099,0.9725903107567596,0.9747154308982894,0.97255,0.9746,0.9725401136961068,0.9745997605398389
460,0.9723,0.9748,0.11711809784173965,0.10292758792638779,0.9723356536910577,0.9748622616684641,0.9723,0.9748,0.9723017608937307,0.9747934127763436
461,0.9714166666666667,0.9743,0.11751607805490494,0.10069506615400314,0.9714793496933081,0.9743550191100642,0.9714166666666667,0.9743,0.9714281069754362,0.9742955360421524
462,0.97235,0.9761,0.11578518897294998,0.09854759275913239,0.9723618120489633,0.9761476694670519,0.97235,0.9761,0.9723500501499786,0.9760950237879275
463,0.9718166666666667,0.9755,0.11705448478460312,0.10076142847537994,0.9718471088569827,0.9755608110583691,0.9718166666666667,0.9755,0.9718163519561747,0.9754915722536898
464,0.9722333333333333,0.9757,0.11710672825574875,0.1017986536026001,0.9722208883133466,0.9757485614631253,0.9722333333333333,0.9757,0.9722096152861809,0.9756822403507213
465,0.9723166666666667,0.9746,0.1188911646604538,0.10292817652225494,0.9723438959112126,0.974694065471319,0.9723166666666667,0.9746,0.972303273342811,0.9745986787039632
466,0.9721,0.9763,0.11675305664539337,0.09980711340904236,0.9720964779901693,0.9763368486581987,0.9721,0.9763,0.9720860105773973,0.9762854147059715
467,0.9723666666666667,0.9761,0.1165681853890419,0.09961224347352982,0.9723651734779959,0.9761384284499905,0.9723666666666667,0.9761,0.9723589497644641,0.9760921954578647
468,0.9721833333333333,0.9757,0.11770535260438919,0.10161785036325455,0.9721748216808859,0.9757457914734429,0.9721833333333333,0.9757,0.9721651107887278,0.9756914661389903
469,0.97255,0.9759,0.11633849889039993,0.10059592127799988,0.972548323095353,0.9759417722389461,0.97255,0.9759,0.9725415396933348,0.9758907213711551
470,0.9720666666666666,0.9748,0.11874951422214508,0.10423742979764938,0.9720783092829501,0.9748670055087014,0.9720666666666666,0.9748,0.972047781780645,0.974791127345894
471,0.9721333333333333,0.9755,0.11611954122781754,0.09902522712945938,0.9721294861651124,0.9755336721512003,0.9721333333333333,0.9755,0.972117882963287,0.9754841383566749
472,0.9723166666666667,0.9753,0.11608944833278656,0.09962281584739685,0.9723070820466346,0.9753341140173929,0.9723166666666667,0.9753,0.9723040150784323,0.9752840187667298
473,0.9727,0.9762,0.11601511389017105,0.09818162024021149,0.9727150323518206,0.976226042008156,0.9727,0.9762,0.9727017529016049,0.976197683695852
474,0.9721333333333333,0.9763,0.11628475785255432,0.09778859466314316,0.9721439152631989,0.9763151579893699,0.9721333333333333,0.9763,0.9721315146212941,0.9762928212902019
475,0.9724333333333334,0.9754,0.11690294742584229,0.10207309573888779,0.9724362522576866,0.9754750892496954,0.9724333333333334,0.9754,0.9724271380476721,0.9753980247850723
476,0.9713,0.9749,0.12240735441446304,0.10771883279085159,0.971424998262799,0.975077489671255,0.9713,0.9749,0.9712735916947731,0.9748781967813985
477,0.9723833333333334,0.9746,0.11672776937484741,0.10088030993938446,0.9724023234866906,0.9746261129802793,0.9723833333333334,0.9746,0.9723853636539922,0.9745918280922473
478,0.9725166666666667,0.9754,0.11793473362922668,0.1034112423658371,0.9725203690395854,0.9754369397958715,0.9725166666666667,0.9754,0.9725018770934971,0.9753832321182259
479,0.9721,0.9741,0.11801585555076599,0.1053331270813942,0.9721165522713974,0.9741666792594958,0.9721,0.9741,0.9720895521456197,0.9740846874211225
480,0.9724166666666667,0.9755,0.11625839024782181,0.10163970291614532,0.9724311715899628,0.9755666833718794,0.9724166666666667,0.9755,0.972417032353562,0.9754961374621863
481,0.9723333333333334,0.975,0.11673730611801147,0.10270379483699799,0.9723329020226833,0.975042282202491,0.9723333333333334,0.975,0.9723196581878171,0.9749831221619927
482,0.9715333333333334,0.9747,0.11951091140508652,0.10215761512517929,0.9716154308801688,0.9747523880519684,0.9715333333333334,0.9747,0.9715386321440932,0.9746863346381602
483,0.9724333333333334,0.9748,0.1198592558503151,0.10325721651315689,0.9724804216957231,0.9748802964485638,0.9724333333333334,0.9748,0.9724201285881636,0.9747945472637719
484,0.9718333333333333,0.9736,0.120090052485466,0.10764770209789276,0.9719484401953697,0.973828369472691,0.9718333333333333,0.9736,0.9718467111106743,0.9736162521344796
485,0.9730666666666666,0.9757,0.1167512834072113,0.10124059021472931,0.9730493908556201,0.975729624599435,0.9730666666666666,0.9757,0.9730484594322943,0.975681901956599
486,0.9722166666666666,0.9742,0.11945221573114395,0.10397165268659592,0.9722767276406785,0.9742738588858714,0.9722166666666666,0.9742,0.9722140574718607,0.9741846784345415
487,0.9726666666666667,0.9748,0.11627669632434845,0.0996333658695221,0.9726861249828597,0.9748443566371958,0.9726666666666667,0.9748,0.972669071278219,0.9747973862212291
488,0.9728166666666667,0.9757,0.11630631983280182,0.09976881742477417,0.9728287176321344,0.9757596436285112,0.9728166666666667,0.9757,0.9728189076812345,0.9756992257833251
489,0.9721666666666666,0.9755,0.11925521492958069,0.10230251401662827,0.972240739612065,0.9755617506758093,0.9721666666666666,0.9755,0.97217687136435,0.9754976627110856
490,0.9723833333333334,0.975,0.11750724911689758,0.10286175459623337,0.9724286843131043,0.9750698275275079,0.9723833333333334,0.975,0.9723938084125979,0.9749984174769392
491,0.9726166666666667,0.9748,0.11747152358293533,0.10295263677835464,0.9726711035379301,0.9749417482379078,0.9726166666666667,0.9748,0.9726224971716323,0.974807079872851
492,0.9724333333333334,0.976,0.11669600754976273,0.09945788234472275,0.972459375987998,0.9760303909842148,0.9724333333333334,0.976,0.9724376228001649,0.9759872282593315
493,0.9721833333333333,0.9741,0.11920667439699173,0.10560927540063858,0.9722615963639822,0.9743540809348118,0.9721833333333333,0.9741,0.9721744071346587,0.9741140736627758
494,0.9729166666666667,0.9753,0.11610528826713562,0.10058800131082535,0.9729025618122985,0.9753325950236089,0.9729166666666667,0.9753,0.972900496020404,0.9752854358793316
495,0.973,0.9749,0.11604514718055725,0.10119940340518951,0.9730029009811471,0.9749634423539133,0.973,0.9749,0.9729927314046833,0.9748927018970523
496,0.9725,0.9743,0.11666508764028549,0.10107152163982391,0.972545987147156,0.9743664712233735,0.9725,0.9743,0.9725124418203656,0.974300509362495
497,0.9729666666666666,0.9758,0.11572354286909103,0.09914416819810867,0.9729727548446161,0.9758276355636372,0.9729666666666666,0.9758,0.9729650449514584,0.975789587144422
498,0.9730333333333333,0.9749,0.11601728200912476,0.10110519081354141,0.9730294219459977,0.9749375334780683,0.9730333333333333,0.9749,0.9730261226698489,0.9748941143205735
499,0.9729666666666666,0.9748,0.11620508134365082,0.101218082010746,0.9729792812932422,0.9748379004333334,0.9729666666666666,0.9748,0.9729655323854075,0.9747907884718275
500,0.9727166666666667,0.9748,0.11813229322433472,0.10257437825202942,0.9727117672564465,0.974871617949173,0.9727166666666667,0.9748,0.9726907346475205,0.9747835432720607
501,0.9731166666666666,0.9755,0.11600826680660248,0.10016008466482162,0.9731370731325839,0.9755608293101262,0.9731166666666666,0.9755,0.9731169419203757,0.9754964224150592
502,0.9729166666666667,0.9749,0.11572308838367462,0.10000497847795486,0.9729222626244737,0.9749276599564836,0.9729166666666667,0.9749,0.972914426485979,0.9748885111574777
503,0.9728666666666667,0.9753,0.11758270114660263,0.10474644601345062,0.9728962011729977,0.9753932900896903,0.9728666666666667,0.9753,0.9728663911296889,0.9752979427699209
504,0.97315,0.9754,0.11522062867879868,0.09940323233604431,0.973126728129637,0.97542576521256,0.97315,0.9754,0.9731327540663922,0.9753837264289227
505,0.97305,0.9756,0.11592181771993637,0.10247378051280975,0.9730509121618617,0.9756628961757536,0.97305,0.9756,0.9730449093200592,0.9755936107266996
506,0.9731333333333333,0.9743,0.11635403335094452,0.10127107799053192,0.9731396227524961,0.9743651297780276,0.9731333333333333,0.9743,0.9731270998027373,0.9742996113200941
507,0.9729833333333333,0.975,0.11701413244009018,0.10258154571056366,0.9729902118299009,0.9750696432726187,0.9729833333333333,0.975,0.9729717595974557,0.974996743522119
508,0.97305,0.9759,0.1167810782790184,0.10220389068126678,0.9730719343763348,0.975984341492997,0.97305,0.9759,0.9730420227904889,0.9758944304746965
509,0.97275,0.9758,0.11716803908348083,0.10235297679901123,0.972748095980094,0.9758603898223741,0.97275,0.9758,0.9727281171680222,0.9757855009530647
510,0.9725333333333334,0.9746,0.11785481870174408,0.10040014237165451,0.9725918885843682,0.9746733505396536,0.9725333333333334,0.9746,0.9725398166965704,0.974602422237429
511,0.9729333333333333,0.9754,0.1160908043384552,0.10033958405256271,0.9729578902377726,0.975452116829202,0.9729333333333333,0.9754,0.9729374204936319,0.9753974973772556
512,0.9729666666666666,0.9752,0.11559867858886719,0.1013367772102356,0.9729694971906846,0.9752590697225659,0.9729666666666666,0.9752,0.9729550587243354,0.9751912345706957
513,0.97335,0.9757,0.11527837067842484,0.10105351358652115,0.9733438001047192,0.9757617968166956,0.97335,0.9757,0.9733371790730283,0.9756877658244589
514,0.9732833333333333,0.9757,0.11559204012155533,0.1011534184217453,0.9732840166192184,0.9757708398049019,0.9732833333333333,0.9757,0.9732724057731856,0.9756955436009633
515,0.9730833333333333,0.9757,0.11645959317684174,0.10268950462341309,0.9730934738490669,0.9757595699734612,0.9730833333333333,0.9757,0.9730766525663399,0.9756920132673211
516,0.9731333333333333,0.9758,0.11698373407125473,0.10000690817832947,0.9731717061220915,0.9758758261439978,0.9731333333333333,0.9758,0.973132392097411,0.9757978099017688
517,0.9728833333333333,0.9753,0.11681472510099411,0.10096302628517151,0.9728978390321976,0.9753672101176877,0.9728833333333333,0.9753,0.9728731131997875,0.9752906421296772
518,0.9731833333333333,0.9755,0.1183321624994278,0.10338051617145538,0.9732181582548327,0.9755769874289164,0.9731833333333333,0.9755,0.9731792465064437,0.975495435762142
519,0.9729166666666667,0.9754,0.11567633599042892,0.09716781973838806,0.9729315190556873,0.9754343084547565,0.9729166666666667,0.9754,0.9729147879464279,0.9753954744327519
520,0.9725833333333334,0.9755,0.11917734891176224,0.10212605446577072,0.9726604714232818,0.9756418250214265,0.9725833333333334,0.9755,0.9725780963796511,0.9755059218886684
521,0.97285,0.9756,0.11691290885210037,0.10076770931482315,0.9729112913902332,0.9757280991668662,0.97285,0.9756,0.9728584344149017,0.9756093402359591
522,0.9730166666666666,0.9754,0.11546775698661804,0.09865298867225647,0.9730255223852298,0.9754429515259336,0.9730166666666666,0.9754,0.973011210030421,0.9753917259791404
523,0.97275,0.9758,0.11796419322490692,0.10092205554246902,0.9727932726139555,0.9758627038785033,0.97275,0.9758,0.9727432566289888,0.9757964993039107
524,0.9731166666666666,0.9752,0.11636412143707275,0.10236615687608719,0.9731427700375117,0.9752671417834586,0.9731166666666666,0.9752,0.9731114720547229,0.9751952888493279
525,0.973,0.9762,0.11558040976524353,0.09810356050729752,0.9730416369469633,0.976266696721542,0.973,0.9762,0.9730097178368753,0.9762002813647845
526,0.97285,0.9753,0.11496638506650925,0.09836414456367493,0.972871124515902,0.9753354058884248,0.97285,0.9753,0.9728508626532548,0.9752918124669095
527,0.9730833333333333,0.9755,0.11446970701217651,0.09811949729919434,0.9731139022007022,0.9755511410432975,0.9730833333333333,0.9755,0.9730935334907473,0.9754990552422284
528,0.9724,0.9745,0.11859321594238281,0.10447636991739273,0.9724763934975922,0.9746678590675126,0.9724,0.9745,0.9723804297879018,0.9744939952784196
529,0.9728166666666667,0.9752,0.11854837089776993,0.10265205055475235,0.9728911318758309,0.9753171104982863,0.9728166666666667,0.9752,0.9728213730861656,0.9752004975474989
530,0.9736,0.9756,0.11548934876918793,0.09937132149934769,0.9736238064636275,0.9756972081732558,0.9736,0.9756,0.9735955254450676,0.9756041281127092
531,0.9731833333333333,0.9761,0.11576808989048004,0.09972909837961197,0.9732416478540762,0.9762186737538137,0.9731833333333333,0.9761,0.9731937524878396,0.9761081890964685
532,0.9729666666666666,0.9754,0.1147385984659195,0.09620179235935211,0.9730127584555046,0.9754438181118323,0.9729666666666666,0.9754,0.9729766740888283,0.9753980249396611
533,0.97355,0.9755,0.11579549312591553,0.09849559515714645,0.9735723260784445,0.9755670830959476,0.97355,0.9755,0.9735445466141405,0.9755012878833628
534,0.97295,0.9753,0.11739616096019745,0.10103029757738113,0.9730208203968915,0.9753892935699612,0.97295,0.9753,0.9729561258250298,0.9753025553580459
535,0.9733833333333334,0.9759,0.11443202942609787,0.09866850078105927,0.9733853058071099,0.9759562712870283,0.9733833333333334,0.9759,0.9733783964192514,0.975893469163002
536,0.9735333333333334,0.9761,0.1149764433503151,0.10044842958450317,0.9735538574354415,0.9761993270042176,0.9735333333333334,0.9761,0.9735327350375058,0.9761001527261253
537,0.9729833333333333,0.9748,0.11451851576566696,0.09836287796497345,0.9730161444054837,0.9748647530143777,0.9729833333333333,0.9748,0.9729926811760495,0.9747982499564998
538,0.9732833333333333,0.976,0.11537926644086838,0.10078510642051697,0.9733039708521093,0.9760650826507435,0.9732833333333333,0.976,0.973282442685899,0.9759974896902129
539,0.9729666666666666,0.9761,0.11942976713180542,0.10334879159927368,0.9730394652788107,0.9762135611924978,0.9729666666666666,0.9761,0.9729551343420207,0.9760933763190139
540,0.9733,0.9763,0.1146581843495369,0.09797721356153488,0.9732890164562489,0.9763333912920723,0.9733,0.9763,0.9732852923117762,0.9762888602642031
541,0.9733,0.9755,0.11571134626865387,0.10079410672187805,0.9732961271341853,0.9755818092416132,0.9733,0.9755,0.9732855496736638,0.9754973393912992
542,0.9725833333333334,0.9752,0.11730105429887772,0.10325156152248383,0.9726030862097776,0.9752621690707749,0.9725833333333334,0.9752,0.9725712637735626,0.9751816496027484
543,0.9725833333333334,0.9756,0.11650286614894867,0.0983055904507637,0.9726712940842632,0.9756575023559461,0.9725833333333334,0.9756,0.9725957627728699,0.9756004356142728
544,0.9735166666666667,0.976,0.11490651220083237,0.09808170795440674,0.9735460104371643,0.9760787674106135,0.9735166666666667,0.976,0.9735189046169275,0.9760025458458873
545,0.9733666666666667,0.9758,0.11438285559415817,0.09802736341953278,0.9733596018156269,0.9758211633984624,0.9733666666666667,0.9758,0.9733542142766477,0.9757913782549882
546,0.9734166666666667,0.9762,0.11458883434534073,0.10013823956251144,0.9734140790137973,0.9762526475143742,0.9734166666666667,0.9762,0.9734072487945976,0.9761914473110405
547,0.9730166666666666,0.9762,0.11689957976341248,0.10130895674228668,0.9730363316788242,0.9762661883038438,0.9730166666666666,0.9762,0.9729896151054525,0.976177517161001
548,0.9735333333333334,0.9762,0.1151358038187027,0.09967467933893204,0.9735284319456596,0.9762447432712877,0.9735333333333334,0.9762,0.97351473779171,0.9761894755015881
549,0.9735833333333334,0.9764,0.11501780152320862,0.09940407425165176,0.9735883129417424,0.9764691280178147,0.9735833333333334,0.9764,0.9735733093510027,0.9763956466877056
550,0.97315,0.976,0.11635904759168625,0.09987793862819672,0.9732172969868917,0.9760820079675298,0.97315,0.976,0.9731653174385015,0.9760039028476438
551,0.9737333333333333,0.976,0.11570542305707932,0.09904380887746811,0.9737635432191639,0.9760691805645488,0.9737333333333333,0.976,0.9737255429496932,0.9759946676582747
552,0.97255,0.9751,0.11656913161277771,0.0969916358590126,0.9726793116372479,0.9751399102081053,0.97255,0.9751,0.9725635793879112,0.9750947774220257
553,0.9732666666666666,0.9758,0.11491399258375168,0.09641578793525696,0.9733267378393851,0.9758490871740376,0.9732666666666666,0.9758,0.973280921267857,0.975802167463536
554,0.9733,0.9763,0.11423356086015701,0.09531193226575851,0.9733582058569406,0.9763456214537002,0.9733,0.9763,0.97331743093132,0.9763054179704793
555,0.9735,0.9753,0.1156485378742218,0.09808063507080078,0.9735619064173322,0.975403288915934,0.9735,0.9753,0.9735075354253634,0.9753129900617219
556,0.9731166666666666,0.9761,0.11406013369560242,0.09630193561315536,0.973122935793846,0.9761387445516783,0.9731166666666666,0.9761,0.9731005656791528,0.9760858994593881
557,0.9739333333333333,0.9755,0.11345729231834412,0.09719143062829971,0.9739557948113441,0.9755605511314518,0.9739333333333333,0.9755,0.9739369561324474,0.9755019871560712
558,0.9735,0.9757,0.1161603108048439,0.10048989206552505,0.9735647017043385,0.9758744067436038,0.9735,0.9757,0.9734983922872544,0.975712091093249
559,0.9737,0.976,0.11340858787298203,0.09640470892190933,0.97372904127935,0.9760510418375472,0.9737,0.976,0.973706662517511,0.9759999011498816
560,0.9725166666666667,0.9754,0.11560497432947159,0.0982622280716896,0.9725912738291049,0.9754764297530155,0.9725166666666667,0.9754,0.972526253899564,0.9753953095499875
561,0.9735333333333334,0.9761,0.11648711562156677,0.10105442255735397,0.9735718445372233,0.9761783268448684,0.9735333333333334,0.9761,0.9735172978891227,0.9760884903824639
562,0.9686833333333333,0.9701,0.13112594187259674,0.11845671385526657,0.9691571909893569,0.9706082373199911,0.9686833333333333,0.9701,0.9686785081615876,0.9701007217866332
563,0.9739,0.9759,0.11363399028778076,0.09882048517465591,0.97391541105094,0.9759378967039701,0.9739,0.9759,0.9738978698370462,0.9758926201331487
564,0.9740666666666666,0.9761,0.11415785551071167,0.09912505745887756,0.9740937166652143,0.9761974965390624,0.9740666666666666,0.9761,0.9740631640950409,0.9761024834103736
565,0.9735,0.9754,0.11513517796993256,0.10037173330783844,0.9735385256038489,0.9754782490966801,0.9735,0.9754,0.9734892895060173,0.9753895621680966
566,0.97355,0.977,0.1144396960735321,0.09918096661567688,0.9735936888822905,0.977093697594373,0.97355,0.977,0.973551215776598,0.9769957149461533
567,0.97305,0.9749,0.11520358175039291,0.09832343459129333,0.9731429001164832,0.9749816337455183,0.97305,0.9749,0.9730653129160964,0.9749006682188106
568,0.9741166666666666,0.9757,0.11307144910097122,0.09771739691495895,0.9741308671019023,0.9757579411257767,0.9741166666666666,0.9757,0.9741143768008385,0.9756953196699613
569,0.9737166666666667,0.9757,0.1128409132361412,0.0966682881116867,0.9737384253870544,0.9757426944868987,0.9737166666666667,0.9757,0.9737181618585878,0.9756962871921625
570,0.9742,0.9766,0.11268164217472076,0.09713122248649597,0.9742188830893819,0.9766678393138535,0.9742,0.9766,0.9742035303973849,0.9766001572103181
571,0.9740833333333333,0.9761,0.11433974653482437,0.10008963942527771,0.9741019526483754,0.976194875285976,0.9740833333333333,0.9761,0.9740740935321849,0.9760950887967419
572,0.97385,0.9756,0.11335737258195877,0.09740253537893295,0.9738576855083931,0.9756360724491245,0.97385,0.9756,0.9738414302932625,0.9755872430798368
573,0.9737,0.9765,0.11423110216856003,0.0981365293264389,0.9737100785963558,0.9765459556044447,0.9737,0.9765,0.9736890712720656,0.9764863757872927
574,0.9736833333333333,0.9743,0.11649937182664871,0.10330108553171158,0.973785409450751,0.9746099709271133,0.9736833333333333,0.9743,0.9736957237553777,0.9743210776807717
575,0.9737666666666667,0.9759,0.11305360496044159,0.0974007099866867,0.9737721804462633,0.9759477094441763,0.9737666666666667,0.9759,0.9737605766711102,0.9758924134831012
576,0.97235,0.9756,0.11630576103925705,0.10101458430290222,0.9724736864137342,0.9756858517663349,0.97235,0.9756,0.9723671146769004,0.9755909617395199
577,0.97375,0.9765,0.11382531374692917,0.09981966763734818,0.9737824326379978,0.9765835504408064,0.97375,0.9765,0.9737527626531527,0.9764966911155168
578,0.9735833333333334,0.9757,0.11453846096992493,0.10072632879018784,0.9736274856930595,0.9758117352904349,0.9735833333333334,0.9757,0.9735842094731385,0.975697295013214
579,0.9734,0.977,0.11367849260568619,0.0950632318854332,0.9734604247126857,0.9770541579117844,0.9734,0.977,0.9734126082227983,0.9770024411654605
580,0.9739166666666667,0.9769,0.11304427683353424,0.09715773910284042,0.9739225611727171,0.9769835723173909,0.9739166666666667,0.9769,0.9739119528565086,0.976897628890448
581,0.97415,0.9767,0.11242130398750305,0.09852565824985504,0.9741587138793417,0.9767817292029517,0.97415,0.9767,0.9741472296028298,0.9766984257383143
582,0.9738833333333333,0.976,0.11512360721826553,0.10226427763700485,0.9739052465091221,0.9761339760198096,0.9738833333333333,0.976,0.9738621231225759,0.9759923347719288
583,0.97455,0.9762,0.11252924799919128,0.0967085137963295,0.9745480348310853,0.9762444674527003,0.97455,0.9762,0.9745415051098901,0.9761940033551793
584,0.973,0.9745,0.11577486246824265,0.0999978557229042,0.973106957698058,0.9745971978544851,0.973,0.9745,0.9730213522954831,0.9745026428963791
585,0.9733,0.9751,0.11468460410833359,0.09840195626020432,0.9733493341792494,0.9751609899957421,0.9733,0.9751,0.9732963042832703,0.9750927859330449
586,0.9739,0.9758,0.11502283066511154,0.10077910870313644,0.9739168461602762,0.9758692761071274,0.9739,0.9758,0.9738878407633438,0.975797011146876
587,0.9735833333333334,0.9753,0.11468883603811264,0.09960952401161194,0.97364779635814,0.9753692667949777,0.9735833333333334,0.9753,0.9735954365818312,0.9752942049223271
588,0.9728333333333333,0.9763,0.11695431172847748,0.10016530007123947,0.9728931962921209,0.976378572339955,0.9728333333333333,0.9763,0.9728085345388553,0.9762810838548599
589,0.9739166666666667,0.9763,0.11302351951599121,0.09618431329727173,0.973935564086222,0.9763463351116194,0.9739166666666667,0.9763,0.9739141431444096,0.976298017433794
590,0.9739833333333333,0.9768,0.11319297552108765,0.09819938987493515,0.97398396761027,0.9768673971283132,0.9739833333333333,0.9768,0.9739653448711169,0.9767894283355919
591,0.9733166666666667,0.9755,0.11422688513994217,0.0994986891746521,0.9733533985506999,0.9755802925726939,0.9733166666666667,0.9755,0.9733038097835545,0.9754834379642098
592,0.9741166666666666,0.9767,0.11237025260925293,0.09718756377696991,0.9741313973465949,0.9767810167996424,0.9741166666666666,0.9767,0.9741200851227149,0.9767012220157367
593,0.9740666666666666,0.9771,0.1139577254652977,0.0979161262512207,0.9741093147902752,0.9772051380155963,0.9740666666666666,0.9771,0.9740750380258766,0.9771035018705827
594,0.97385,0.9763,0.11378169804811478,0.09855407476425171,0.9738992413199226,0.9764051894511225,0.97385,0.9763,0.9738620461446382,0.9763047887965366
595,0.9740333333333333,0.9765,0.11281857639551163,0.09605938196182251,0.974053471572311,0.9765812874823477,0.9740333333333333,0.9765,0.9740344505211247,0.976500017131448
596,0.9741,0.9769,0.11313427984714508,0.09638283401727676,0.9740999791616254,0.9769540348413706,0.9741,0.9769,0.9740882472969368,0.9768945430540316
597,0.9742166666666666,0.9761,0.11259970813989639,0.09665053337812424,0.97421720985526,0.9761558042040586,0.9742166666666666,0.9761,0.9742076552787837,0.9760917264557413
598,0.97365,0.9771,0.11258536577224731,0.09508202224969864,0.9736620149948515,0.977122114150697,0.97365,0.9771,0.9736420755471978,0.977082848068059
599,0.9732833333333333,0.9763,0.11464432626962662,0.10127580910921097,0.9733157635927037,0.9764095778823708,0.9732833333333333,0.9763,0.9732755029640457,0.9762899158678631
600,0.9737166666666667,0.9767,0.11274188756942749,0.09646929800510406,0.9737266916122491,0.9767630304581889,0.9737166666666667,0.9767,0.973715017263404,0.9766982115588606
